==============================================================================
 k = 6: turns of all two-row zigzags, one per symmetry class
==============================================================================
 pattern            dropped  flipped pattern    symmetric  bideg   genus mod p   [time]
 11 21 31 41 51 61 62 63 64 65 66 A6B1   11 21 31 41 51 52 62 63 64 65 66 -         (1,1)   [0]           [55s]
 11 21 31 41 51 52 53 54 64 65 66 A5B1   11 21 31 41 42 52 53 54 64 65 66 -         (2,4)   [3, 3]        [53s]
 11 21 31 41 51 52 53 54 55 56 66 A5B1   11 21 31 41 42 52 53 54 55 56 66 -         (2,3)   [2, 2]        [65s]
 11 21 31 41 42 52 53 54 64 65 66 A4B2   11 21 31 41 51 52 53 54 64 65 66 -         (2,4)   [3, 3]        [45s]
 11 21 31 41 42 52 53 54 55 65 66 A5B2   11 21 31 41 42 43 53 54 55 65 66 -         (3,3)   [4, 4]        [50s]
 11 21 31 41 42 52 53 54 55 56 66 A5B6   11 21 31 41 42 52 53 54 55 65 66 -         (9,1)   [0]           [61s]
 11 21 31 41 42 43 53 54 64 65 66 A5B4   11 21 31 41 42 43 53 63 64 65 66 -         (6,2)   [5, 5]        [46s]
 11 21 31 41 42 43 53 54 55 65 66 A6B5   11 21 31 41 42 43 53 54 55 56 66 -         (9,1)   [0]           [43s]
 11 21 31 41 42 43 44 54 64 65 66 A4B4   11 21 31 41 42 43 53 54 64 65 66 -         (4,2)   [3, 3]        [53s]
 11 21 31 41 42 43 44 54 55 65 66 A6B5   11 21 31 41 42 43 44 54 55 56 66 -         (10,1)   [0]           [55s]
 11 21 31 41 42 43 44 45 55 65 66 A4B5   11 21 31 41 42 43 44 54 55 65 66 -         (6,2)   [5, 5]        [66s]
 11 21 31 41 42 43 44 45 46 56 66 A4B1   11 21 31 32 42 43 44 45 46 56 66 -         (2,5)   [4, 4]        [98s]
 11 21 31 32 42 52 53 54 55 65 66 A3B2   11 21 31 41 42 52 53 54 55 65 66 -         (2,5)   [4, 4]        [51s]
 11 21 31 32 42 52 53 54 55 56 66 A5B2   11 21 31 32 42 43 53 54 55 56 66 -         (3,3)   [4, 4]        [69s]
 11 21 31 32 42 43 53 54 55 65 66 A3B1   11 21 22 32 42 43 53 54 55 65 66 -         (1,6)   [0]           [35s]
 11 21 31 32 42 43 53 54 55 65 66 A6B5   11 21 31 32 42 43 53 54 55 56 66 -         (7,1)   [0]           [42s]
 11 21 31 32 42 43 53 54 55 56 66 A5B6   11 21 31 32 42 43 53 54 55 65 66 -         (7,1)   [0]           [64s]
 11 21 31 32 42 43 44 54 55 65 66 A3B1   11 21 22 32 42 43 44 54 55 65 66 -         (1,7)   [0]           [50s]
 11 21 31 32 42 43 44 54 55 65 66 A6B5   11 21 31 32 42 43 44 54 55 56 66 -         (8,1)   [0]           [49s]
 11 21 31 32 42 43 44 54 55 56 66 A5B6   11 21 31 32 42 43 44 54 55 65 66 -         (8,1)   [0]           [64s]
 11 21 31 32 42 43 44 45 55 56 66 A3B1   11 21 22 32 42 43 44 45 55 56 66 -         (1,6)   [0]           [77s]
 11 21 31 32 42 43 44 45 46 56 66 A3B1   11 21 22 32 42 43 44 45 46 56 66 -         (1,6)   [0]           [99s]
 11 21 31 32 33 43 53 54 55 65 66 A5B3   11 21 31 32 33 43 44 54 55 65 66 -         (4,2)   [3, 3]        [36s]
 11 21 31 32 33 43 53 54 55 56 66 A5B6   11 21 31 32 33 43 53 54 55 65 66 -         (7,1)   [0]           [50s]
 11 21 31 32 33 43 44 54 55 65 66 A4B3   11 21 31 32 33 34 44 54 55 65 66 -         (3,3)   [4, 4]        [38s]
 11 21 31 32 33 43 44 54 55 56 66 A3B3   11 21 31 32 42 43 44 54 55 56 66 -         (2,4)   [3, 3]        [56s]
 11 21 31 32 33 43 44 45 55 65 66 A3B3   11 21 31 32 42 43 44 45 55 65 66 -         (2,4)   [3, 3]        [38s]
 11 21 31 32 33 43 44 45 55 56 66 A4B3   11 21 31 32 33 34 44 45 55 56 66 -         (3,3)   [4, 4]        [50s]
 11 21 31 32 33 43 44 45 46 56 66 A4B3   11 21 31 32 33 34 44 45 46 56 66 L         (3,3)   [4, 4]        [77s]
 11 21 31 32 33 34 44 54 55 65 66 A5B4   11 21 31 32 33 34 44 45 55 65 66 -         (5,2)   [4, 4]        [53s]
 11 21 31 32 33 34 44 54 55 56 66 A5B6   11 21 31 32 33 34 44 54 55 65 66 -         (10,1)   [0]           [68s]
 11 21 31 32 33 34 44 45 55 56 66 A3B1   11 21 22 32 33 34 44 45 55 56 66 -         (1,6)   [0]           [61s]
 11 21 31 32 33 34 35 45 55 65 66 A3B1   11 21 22 32 33 34 35 45 55 65 66 -         (1,7)   [0]           [48s]
 11 21 31 32 33 34 35 45 55 56 66 A5B6   11 21 31 32 33 34 35 45 55 65 66 -         (9,1)   [0]           [63s]
 11 21 22 32 42 52 53 54 55 56 66 A5B2   11 21 22 32 42 43 53 54 55 56 66 -         (3,3)   [4, 4]        [53s]
 11 21 22 32 42 43 53 54 55 56 66 A2B1   11 12 22 32 42 43 53 54 55 56 66 -         (1,8)   [0]           [46s]
 11 21 22 32 42 43 44 54 55 65 66 A2B1   11 12 22 32 42 43 44 54 55 65 66 -         (1,8)   [0]           [31s]
 11 21 22 32 42 43 44 54 55 65 66 A6B5   11 21 22 32 42 43 44 54 55 56 66 -         (7,1)   [0]           [31s]
 11 21 22 32 42 43 44 54 55 56 66 A5B6   11 21 22 32 42 43 44 54 55 65 66 -         (7,1)   [0]           [40s]
 11 21 22 32 42 43 44 45 55 56 66 A2B1   11 12 22 32 42 43 44 45 55 56 66 -         (1,9)   [0]           [47s]
 11 21 22 32 33 43 53 54 55 56 66 A2B1   11 12 22 32 33 43 53 54 55 56 66 -         (1,7)   [0]           [46s]
 11 21 22 32 33 43 44 54 55 65 66 A2B1   11 12 22 32 33 43 44 54 55 65 66 -         (1,7)   [0]           [24s]
 11 21 22 32 33 43 44 54 55 56 66 A2B2   11 21 31 32 33 43 44 54 55 56 66 -         (1,7)   [0]           [37s]
 11 21 22 32 33 43 44 54 55 56 66 A5B6   11 21 22 32 33 43 44 54 55 65 66 -         (7,1)   [0]           [37s]
 11 21 22 32 33 43 44 45 55 65 66 A4B5   11 21 22 32 33 43 44 54 55 65 66 -         (5,2)   [4, 4]        [31s]
 11 21 22 32 33 43 44 45 55 56 66 A4B3   11 21 22 32 33 34 44 45 55 56 66 L         (3,3)   [4, 4]        [41s]
 11 21 22 32 33 34 44 54 55 65 66 A3B2   11 21 22 23 33 34 44 54 55 65 66 -         (2,5)   [4, 4]        [35s]
 11 21 22 32 33 34 44 54 55 56 66 A5B4   11 21 22 32 33 34 44 45 55 56 66 -         (5,2)   [4, 4]        [46s]
 11 21 22 32 33 34 44 45 55 65 66 A4B4   11 21 22 32 33 34 35 45 55 65 66 -         (4,2)   [3, 3]        [31s]
 11 21 22 32 33 34 35 45 55 65 66 A3B5   11 21 22 32 33 34 44 45 55 65 66 -         (4,2)   [3, 3]        [40s]
 11 21 22 23 33 43 44 54 55 56 66 A2B1   11 12 22 23 33 43 44 54 55 56 66 -         (1,9)   [0]           [51s]
 11 21 22 23 33 43 44 45 55 65 66 A2B1   11 12 22 23 33 43 44 45 55 65 66 -         (1,9)   [0]           [27s]
 11 21 22 23 33 34 44 45 55 65 66 A3B4   11 21 22 23 33 43 44 45 55 65 66 -         (1,1)   [0]           [24s]
 11 21 22 23 24 34 35 45 55 65 66 A2B1   11 12 22 23 24 34 35 45 55 65 66 -         (1,8)   [0]           [32s]

 classes in this shard: 54
   genus 0, symmetric flip -: 30
   genus 2, symmetric flip -: 1
   genus 3, symmetric flip -: 8
   genus 4, symmetric flip -: 11
   genus 4, symmetric flip L: 2
   genus 5, symmetric flip -: 2
==============================================================================
 k = 6: turns of all two-row zigzags, one per symmetry class
==============================================================================
 pattern            dropped  flipped pattern    symmetric  bideg   genus mod p   [time]
 11 21 31 41 51 52 62 63 64 65 66 A5B1   11 21 31 41 42 52 62 63 64 65 66 -         (2,3)   [2, 2]        [52s]
 11 21 31 41 51 52 53 54 64 65 66 A5B4   11 21 31 41 51 52 53 63 64 65 66 -         (5,2)   [4, 4]        [54s]
 11 21 31 41 51 52 53 54 55 56 66 A5B6   11 21 31 41 51 52 53 54 55 65 66 -         (9,1)   [0]           [62s]
 11 21 31 41 42 52 53 54 64 65 66 A5B2   11 21 31 41 42 43 53 54 64 65 66 -         (3,3)   [4, 4]        [44s]
 11 21 31 41 42 52 53 54 55 65 66 A5B5   11 21 31 41 42 52 53 54 64 65 66 -         (7,1)   [0]           [49s]
 11 21 31 41 42 43 53 63 64 65 66 A4B1   11 21 31 32 42 43 53 63 64 65 66 -         (2,6)   [5, 5]        [42s]
 11 21 31 41 42 43 53 54 64 65 66 A6B4   11 21 31 41 42 43 53 54 55 65 66 -         (6,1)   [0]           [40s]
 11 21 31 41 42 43 53 54 55 56 66 A4B1   11 21 31 32 42 43 53 54 55 56 66 -         (2,5)   [4, 4]        [71s]
 11 21 31 41 42 43 44 54 64 65 66 A6B4   11 21 31 41 42 43 44 54 55 65 66 -         (7,1)   [0]           [51s]
 11 21 31 41 42 43 44 54 55 56 66 A4B1   11 21 31 32 42 43 44 54 55 56 66 -         (2,5)   [4, 4]        [80s]
 11 21 31 41 42 43 44 45 55 65 66 A6B5   11 21 31 41 42 43 44 45 55 56 66 -         (9,1)   [0]           [61s]
 11 21 31 41 42 43 44 45 46 56 66 A4B6   11 21 31 41 42 43 44 45 55 56 66 -         (7,1)   [0]           [93s]
 11 21 31 32 42 52 53 54 55 65 66 A5B2   11 21 31 32 42 43 53 54 55 65 66 -         (3,3)   [4, 4]        [48s]
 11 21 31 32 42 52 53 54 55 56 66 A5B6   11 21 31 32 42 52 53 54 55 65 66 -         (9,1)   [0]           [67s]
 11 21 31 32 42 43 53 54 55 65 66 A3B2   11 21 31 41 42 43 53 54 55 65 66 -         (2,4)   [3, 3]        [39s]
 11 21 31 32 42 43 53 54 55 56 66 A3B1   11 21 22 32 42 43 53 54 55 56 66 -         (1,6)   [0]           [63s]
 11 21 31 32 42 43 44 54 64 65 66 A3B1   11 21 22 32 42 43 44 54 64 65 66 -         (1,6)   [0]           [55s]
 11 21 31 32 42 43 44 54 55 65 66 A3B2   11 21 31 41 42 43 44 54 55 65 66 -         (2,5)   [4, 4]        [51s]
 11 21 31 32 42 43 44 54 55 56 66 A3B1   11 21 22 32 42 43 44 54 55 56 66 -         (1,7)   [0]           [63s]
 11 21 31 32 42 43 44 45 55 65 66 A3B1   11 21 22 32 42 43 44 45 55 65 66 -         (1,7)   [0]           [57s]
 11 21 31 32 42 43 44 45 55 56 66 A3B2   11 21 31 41 42 43 44 45 55 56 66 -         (2,5)   [4, 4]        [81s]
 11 21 31 32 42 43 44 45 46 56 66 A3B2   11 21 31 41 42 43 44 45 46 56 66 -         (2,5)   [4, 4]        [103s]
 11 21 31 32 33 43 53 54 55 65 66 A5B5   11 21 31 32 33 43 53 54 64 65 66 -         (6,1)   [0]           [33s]
 11 21 31 32 33 43 44 54 64 65 66 A3B1   11 21 22 32 33 43 44 54 64 65 66 -         (1,6)   [0]           [41s]
 11 21 31 32 33 43 44 54 55 65 66 A4B4   11 21 31 32 33 43 53 54 55 65 66 -         (4,2)   [3, 3]        [39s]
 11 21 31 32 33 43 44 54 55 56 66 A4B3   11 21 31 32 33 34 44 54 55 56 66 -         (3,3)   [4, 4]        [56s]
 11 21 31 32 33 43 44 45 55 65 66 A4B3   11 21 31 32 33 34 44 45 55 65 66 -         (3,3)   [4, 4]        [38s]
 11 21 31 32 33 43 44 45 55 56 66 A4B5   11 21 31 32 33 43 44 54 55 56 66 -         (4,2)   [3, 3]        [51s]
 11 21 31 32 33 43 44 45 46 56 66 A4B6   11 21 31 32 33 43 44 45 55 56 66 -         (6,1)   [0]           [75s]
 11 21 31 32 33 34 44 54 55 65 66 A5B5   11 21 31 32 33 34 44 54 64 65 66 -         (7,1)   [0]           [48s]
 11 21 31 32 33 34 44 45 55 65 66 A3B1   11 21 22 32 33 34 44 45 55 65 66 -         (1,7)   [0]           [49s]
 11 21 31 32 33 34 44 45 55 56 66 A3B4   11 21 31 32 33 43 44 45 55 56 66 -         (3,3)   [4, 4]        [63s]
 11 21 31 32 33 34 35 45 55 65 66 A3B5   11 21 31 32 33 34 44 45 55 65 66 -         (4,2)   [3, 3]        [50s]
 11 21 22 32 42 52 53 54 55 65 66 A2B1   11 12 22 32 42 52 53 54 55 65 66 -         (1,10)   [0]           [39s]
 11 21 22 32 42 52 53 54 55 56 66 A5B6   11 21 22 32 42 52 53 54 55 65 66 -         (10,1)   [0]           [51s]
 11 21 22 32 42 43 53 54 55 56 66 A2B2   11 21 31 32 42 43 53 54 55 56 66 -         (1,6)   [0]           [46s]
 11 21 22 32 42 43 44 54 55 65 66 A2B2   11 21 31 32 42 43 44 54 55 65 66 -         (1,7)   [0]           [30s]
 11 21 22 32 42 43 44 54 55 56 66 A2B1   11 12 22 32 42 43 44 54 55 56 66 -         (1,7)   [0]           [40s]
 11 21 22 32 42 43 44 45 55 65 66 A2B1   11 12 22 32 42 43 44 45 55 65 66 -         (1,10)   [0]           [33s]
 11 21 22 32 42 43 44 45 55 56 66 A2B2   11 21 31 32 42 43 44 45 55 56 66 -         (1,6)   [0]           [47s]
 11 21 22 32 33 43 53 54 55 56 66 A2B2   11 21 31 32 33 43 53 54 55 56 66 -         (1,7)   [0]           [46s]
 11 21 22 32 33 43 44 54 55 65 66 A2B2   11 21 31 32 33 43 44 54 55 65 66 -         (1,6)   [0]           [23s]
 11 21 22 32 33 43 44 54 55 56 66 A3B2   11 21 22 23 33 43 44 54 55 56 66 -         (2,5)   [4, 4]        [41s]
 11 21 22 32 33 43 44 45 55 65 66 A2B1   11 12 22 32 33 43 44 45 55 65 66 -         (1,9)   [0]           [30s]
 11 21 22 32 33 43 44 45 55 65 66 A6B5   11 21 22 32 33 43 44 45 55 56 66 -         (8,1)   [0]           [30s]
 11 21 22 32 33 43 44 45 55 56 66 A4B5   11 21 22 32 33 43 44 54 55 56 66 -         (5,2)   [4, 4]        [44s]
 11 21 22 32 33 34 44 54 55 65 66 A3B4   11 21 22 32 33 43 44 54 55 65 66 -         (1,1)   [0]           [32s]
 11 21 22 32 33 34 44 54 55 56 66 A5B6   11 21 22 32 33 34 44 54 55 65 66 -         (9,1)   [0]           [42s]
 11 21 22 32 33 34 44 45 55 65 66 A4B5   11 21 22 32 33 34 44 54 55 65 66 -         (5,2)   [4, 4]        [33s]
 11 21 22 32 33 34 35 45 55 65 66 A6B5   11 21 22 32 33 34 35 45 55 56 66 -         (9,1)   [0]           [37s]
 11 21 22 23 33 43 44 54 55 56 66 A2B3   11 21 22 32 33 43 44 54 55 56 66 -         (2,5)   [4, 4]        [55s]
 11 21 22 23 33 43 44 45 55 65 66 A2B3   11 21 22 32 33 43 44 45 55 65 66 -         (2,6)   [5, 5]        [33s]
 11 21 22 23 33 34 35 45 55 65 66 A2B1   11 12 22 23 33 34 35 45 55 65 66 -         (1,7)   [0]           [26s]
 11 21 22 23 24 34 35 45 55 65 66 A2B4   11 21 22 23 33 34 35 45 55 65 66 -         (2,3)   [2, 2]        [36s]

 classes in this shard: 54
   genus 0, symmetric flip -: 31
   genus 2, symmetric flip -: 2
   genus 3, symmetric flip -: 4
   genus 4, symmetric flip -: 15
   genus 5, symmetric flip -: 2
==============================================================================
 k = 6: turns of all two-row zigzags, one per symmetry class
==============================================================================
 pattern            dropped  flipped pattern    symmetric  bideg   genus mod p   [time]
 11 21 31 41 51 52 62 63 64 65 66 A5B2   11 21 31 41 51 61 62 63 64 65 66 -         (1,1)   [0]           [50s]
 11 21 31 41 51 52 53 54 64 65 66 A6B4   11 21 31 41 51 52 53 54 55 65 66 -         (7,1)   [0]           [50s]
 11 21 31 41 42 52 53 63 64 65 66 A4B1   11 21 31 32 42 52 53 63 64 65 66 -         (2,5)   [4, 4]        [42s]
 11 21 31 41 42 52 53 54 64 65 66 A5B4   11 21 31 41 42 52 53 63 64 65 66 -         (5,2)   [4, 4]        [46s]
 11 21 31 41 42 52 53 54 55 65 66 A6B5   11 21 31 41 42 52 53 54 55 56 66 -         (9,1)   [0]           [52s]
 11 21 31 41 42 43 53 63 64 65 66 A4B3   11 21 31 41 42 52 53 63 64 65 66 -         (1,1)   [0]           [37s]
 11 21 31 41 42 43 53 54 55 65 66 A4B1   11 21 31 32 42 43 53 54 55 65 66 -         (2,4)   [3, 3]        [43s]
 11 21 31 41 42 43 53 54 55 56 66 A4B3   11 21 31 41 42 52 53 54 55 56 66 -         (3,3)   [4, 4]        [67s]
 11 21 31 41 42 43 44 54 55 65 66 A4B1   11 21 31 32 42 43 44 54 55 65 66 -         (2,5)   [4, 4]        [57s]
 11 21 31 41 42 43 44 54 55 56 66 A4B4   11 21 31 41 42 43 53 54 55 56 66 -         (4,2)   [3, 3]        [79s]
 11 21 31 41 42 43 44 45 55 56 66 A4B1   11 21 31 32 42 43 44 45 55 56 66 -         (2,5)   [4, 4]        [81s]
 11 21 31 32 42 52 53 54 64 65 66 A3B1   11 21 22 32 42 52 53 54 64 65 66 -         (1,6)   [0]           [40s]
 11 21 31 32 42 52 53 54 55 65 66 A5B5   11 21 31 32 42 52 53 54 64 65 66 -         (6,1)   [0]           [48s]
 11 21 31 32 42 43 53 54 64 65 66 A3B1   11 21 22 32 42 43 53 54 64 65 66 -         (1,6)   [0]           [32s]
 11 21 31 32 42 43 53 54 55 65 66 A4B2   11 21 31 32 33 43 53 54 55 65 66 -         (2,4)   [3, 3]        [38s]
 11 21 31 32 42 43 53 54 55 56 66 A3B2   11 21 31 41 42 43 53 54 55 56 66 -         (2,5)   [4, 4]        [57s]
 11 21 31 32 42 43 44 54 64 65 66 A3B2   11 21 31 41 42 43 44 54 64 65 66 -         (2,4)   [3, 3]        [51s]
 11 21 31 32 42 43 44 54 55 65 66 A4B2   11 21 31 32 33 43 44 54 55 65 66 -         (2,4)   [3, 3]        [56s]
 11 21 31 32 42 43 44 54 55 56 66 A3B2   11 21 31 41 42 43 44 54 55 56 66 -         (2,5)   [4, 4]        [71s]
 11 21 31 32 42 43 44 45 55 65 66 A3B2   11 21 31 41 42 43 44 45 55 65 66 -         (2,6)   [5, 5]        [63s]
 11 21 31 32 42 43 44 45 55 56 66 A4B2   11 21 31 32 33 43 44 45 55 56 66 -         (2,4)   [3, 3]        [80s]
 11 21 31 32 42 43 44 45 46 56 66 A4B2   11 21 31 32 33 43 44 45 46 56 66 -         (2,4)   [3, 3]        [102s]
 11 21 31 32 33 43 53 54 55 65 66 A6B5   11 21 31 32 33 43 53 54 55 56 66 -         (7,1)   [0]           [35s]
 11 21 31 32 33 43 44 54 64 65 66 A3B3   11 21 31 32 42 43 44 54 64 65 66 -         (2,4)   [3, 3]        [45s]
 11 21 31 32 33 43 44 54 55 65 66 A5B4   11 21 31 32 33 43 44 45 55 65 66 -         (4,2)   [3, 3]        [39s]
 11 21 31 32 33 43 44 54 55 56 66 A4B4   11 21 31 32 33 43 53 54 55 56 66 -         (4,2)   [3, 3]        [57s]
 11 21 31 32 33 43 44 45 55 65 66 A4B5   11 21 31 32 33 43 44 54 55 65 66 -         (4,2)   [3, 3]        [39s]
 11 21 31 32 33 43 44 45 55 56 66 A5B5   11 21 31 32 33 43 44 45 46 56 66 -         (6,1)   [0]           [46s]
 11 21 31 32 33 34 44 54 64 65 66 A3B1   11 21 22 32 33 34 44 54 64 65 66 -         (1,7)   [0]           [59s]
 11 21 31 32 33 34 44 54 55 65 66 A6B5   11 21 31 32 33 34 44 54 55 56 66 -         (10,1)   [0]           [51s]
 11 21 31 32 33 34 44 45 55 65 66 A3B4   11 21 31 32 33 43 44 45 55 65 66 -         (3,3)   [4, 4]        [53s]
 11 21 31 32 33 34 44 45 55 56 66 A4B4   11 21 31 32 33 34 35 45 55 56 66 -         (4,2)   [3, 3]        [67s]
 11 21 31 32 33 34 35 45 55 65 66 A6B5   11 21 31 32 33 34 35 45 55 56 66 -         (9,1)   [0]           [49s]
 11 21 22 32 42 52 53 54 55 65 66 A2B2   11 21 31 32 42 52 53 54 55 65 66 -         (1,7)   [0]           [39s]
 11 21 22 32 42 43 53 54 55 65 66 A2B1   11 12 22 32 42 43 53 54 55 65 66 -         (1,8)   [0]           [30s]
 11 21 22 32 42 43 53 54 55 56 66 A4B2   11 21 22 32 33 43 53 54 55 56 66 -         (2,3)   [2, 2]        [48s]
 11 21 22 32 42 43 44 54 55 65 66 A4B2   11 21 22 32 33 43 44 54 55 65 66 -         (2,4)   [3, 3]        [33s]
 11 21 22 32 42 43 44 54 55 56 66 A2B2   11 21 31 32 42 43 44 54 55 56 66 -         (1,7)   [0]           [39s]
 11 21 22 32 42 43 44 45 55 65 66 A2B2   11 21 31 32 42 43 44 45 55 65 66 -         (1,7)   [0]           [33s]
 11 21 22 32 42 43 44 45 55 56 66 A4B2   11 21 22 32 33 43 44 45 55 56 66 -         (2,4)   [3, 3]        [50s]
 11 21 22 32 33 43 53 54 55 56 66 A3B2   11 21 22 23 33 43 53 54 55 56 66 -         (2,5)   [4, 4]        [50s]
 11 21 22 32 33 43 44 54 55 65 66 A3B2   11 21 22 23 33 43 44 54 55 65 66 -         (2,5)   [4, 4]        [25s]
 11 21 22 32 33 43 44 54 55 56 66 A3B3   11 21 22 32 42 43 44 54 55 56 66 -         (2,4)   [3, 3]        [39s]
 11 21 22 32 33 43 44 45 55 65 66 A2B2   11 21 31 32 33 43 44 45 55 65 66 -         (1,6)   [0]           [30s]
 11 21 22 32 33 43 44 45 55 56 66 A2B1   11 12 22 32 33 43 44 45 55 56 66 -         (1,7)   [0]           [39s]
 11 21 22 32 33 43 44 45 55 56 66 A5B5   11 21 22 32 33 43 44 45 46 56 66 -         (6,1)   [0]           [40s]
 11 21 22 32 33 34 44 54 55 56 66 A2B1   11 12 22 32 33 34 44 54 55 56 66 -         (1,9)   [0]           [44s]
 11 21 22 32 33 34 44 45 55 65 66 A2B1   11 12 22 32 33 34 44 45 55 65 66 -         (1,9)   [0]           [30s]
 11 21 22 32 33 34 44 45 55 65 66 A6B5   11 21 22 32 33 34 44 45 55 56 66 -         (7,1)   [0]           [30s]
 11 21 22 23 33 43 53 54 55 56 66 A2B1   11 12 22 23 33 43 53 54 55 56 66 -         (1,9)   [0]           [58s]
 11 21 22 23 33 43 44 54 55 56 66 A4B3   11 21 22 23 33 34 44 54 55 56 66 L         (3,3)   [4, 4]        [52s]
 11 21 22 23 33 43 44 45 55 65 66 A4B3   11 21 22 23 33 34 44 45 55 65 66 -         (1,1)   [0]           [29s]
 11 21 22 23 33 34 35 45 55 65 66 A2B3   11 21 22 32 33 34 35 45 55 65 66 -         (2,5)   [4, 4]        [32s]
 11 21 22 23 24 34 35 45 55 65 66 A3B4   11 21 22 23 24 25 35 45 55 65 66 -         (1,1)   [0]           [39s]

 classes in this shard: 54
   genus 0, symmetric flip -: 25
   genus 2, symmetric flip -: 1
   genus 3, symmetric flip -: 15
   genus 4, symmetric flip -: 11
   genus 4, symmetric flip L: 1
   genus 5, symmetric flip -: 1
==============================================================================
 k = 6: turns of all two-row zigzags, one per symmetry class
==============================================================================
 pattern            dropped  flipped pattern    symmetric  bideg   genus mod p   [time]
 11 21 31 41 51 52 53 63 64 65 66 A5B1   11 21 31 41 42 52 53 63 64 65 66 -         (2,4)   [3, 3]        [52s]
 11 21 31 41 51 52 53 54 55 65 66 A5B1   11 21 31 41 42 52 53 54 55 65 66 -         (2,4)   [3, 3]        [51s]
 11 21 31 41 42 52 53 63 64 65 66 A4B2   11 21 31 41 51 52 53 63 64 65 66 -         (2,4)   [3, 3]        [41s]
 11 21 31 41 42 52 53 54 64 65 66 A6B4   11 21 31 41 42 52 53 54 55 65 66 -         (7,1)   [0]           [41s]
 11 21 31 41 42 52 53 54 55 56 66 A4B1   11 21 31 32 42 52 53 54 55 56 66 -         (2,4)   [3, 3]        [67s]
 11 21 31 41 42 43 53 54 64 65 66 A4B1   11 21 31 32 42 43 53 54 64 65 66 -         (2,5)   [4, 4]        [44s]
 11 21 31 41 42 43 53 54 55 65 66 A4B3   11 21 31 41 42 52 53 54 55 65 66 -         (3,3)   [4, 4]        [41s]
 11 21 31 41 42 43 53 54 55 56 66 A5B3   11 21 31 41 42 43 44 54 55 56 66 -         (4,2)   [3, 3]        [69s]
 11 21 31 41 42 43 44 54 55 65 66 A4B4   11 21 31 41 42 43 53 54 55 65 66 -         (4,2)   [3, 3]        [58s]
 11 21 31 41 42 43 44 54 55 56 66 A5B4   11 21 31 41 42 43 44 45 55 56 66 -         (6,2)   [5, 5]        [81s]
 11 21 31 41 42 43 44 45 55 56 66 A4B5   11 21 31 41 42 43 44 54 55 56 66 -         (6,2)   [5, 5]        [83s]
 11 21 31 32 42 52 53 54 64 65 66 A3B2   11 21 31 41 42 52 53 54 64 65 66 -         (2,5)   [4, 4]        [44s]
 11 21 31 32 42 52 53 54 55 65 66 A6B5   11 21 31 32 42 52 53 54 55 56 66 -         (9,1)   [0]           [48s]
 11 21 31 32 42 43 53 54 64 65 66 A3B2   11 21 31 41 42 43 53 54 64 65 66 -         (2,5)   [4, 4]        [38s]
 11 21 31 32 42 43 53 54 55 65 66 A4B3   11 21 31 32 42 52 53 54 55 65 66 -         (3,3)   [4, 4]        [37s]
 11 21 31 32 42 43 53 54 55 56 66 A4B2   11 21 31 32 33 43 53 54 55 56 66 -         (2,3)   [2, 2]        [55s]
 11 21 31 32 42 43 44 54 64 65 66 A4B2   11 21 31 32 33 43 44 54 64 65 66 -         (2,4)   [3, 3]        [56s]
 11 21 31 32 42 43 44 54 55 65 66 A4B4   11 21 31 32 42 43 53 54 55 65 66 -         (4,2)   [3, 3]        [56s]
 11 21 31 32 42 43 44 54 55 56 66 A4B2   11 21 31 32 33 43 44 54 55 56 66 -         (2,4)   [3, 3]        [65s]
 11 21 31 32 42 43 44 45 55 65 66 A4B2   11 21 31 32 33 43 44 45 55 65 66 -         (2,4)   [3, 3]        [61s]
 11 21 31 32 42 43 44 45 55 56 66 A4B5   11 21 31 32 42 43 44 54 55 56 66 -         (5,2)   [4, 4]        [82s]
 11 21 31 32 42 43 44 45 46 56 66 A4B6   11 21 31 32 42 43 44 45 55 56 66 -         (7,1)   [0]           [99s]
 11 21 31 32 33 43 53 54 55 56 66 A3B1   11 21 22 32 33 43 53 54 55 56 66 -         (1,7)   [0]           [51s]
 11 21 31 32 33 43 44 54 64 65 66 A4B3   11 21 31 32 33 34 44 54 64 65 66 -         (1,1)   [0]           [41s]
 11 21 31 32 33 43 44 54 55 65 66 A5B5   11 21 31 32 33 43 44 54 64 65 66 -         (6,1)   [0]           [36s]
 11 21 31 32 33 43 44 54 55 56 66 A5B4   11 21 31 32 33 43 44 45 55 56 66 -         (4,2)   [3, 3]        [57s]
 11 21 31 32 33 43 44 45 55 65 66 A6B5   11 21 31 32 33 43 44 45 55 56 66 -         (7,1)   [0]           [36s]
 11 21 31 32 33 43 44 45 55 56 66 A5B6   11 21 31 32 33 43 44 45 55 65 66 -         (7,1)   [0]           [48s]
 11 21 31 32 33 34 44 54 64 65 66 A3B4   11 21 31 32 33 43 44 54 64 65 66 -         (1,1)   [0]           [59s]
 11 21 31 32 33 34 44 54 55 56 66 A3B1   11 21 22 32 33 34 44 54 55 56 66 -         (1,6)   [0]           [70s]
 11 21 31 32 33 34 44 45 55 65 66 A4B4   11 21 31 32 33 34 35 45 55 65 66 -         (4,2)   [3, 3]        [53s]
 11 21 31 32 33 34 44 45 55 56 66 A4B5   11 21 31 32 33 34 44 54 55 56 66 -         (5,2)   [4, 4]        [67s]
 11 21 31 32 33 34 35 45 55 56 66 A3B1   11 21 22 32 33 34 35 45 55 56 66 -         (1,6)   [0]           [63s]
 11 21 22 32 42 52 53 54 55 65 66 A5B2   11 21 22 32 42 43 53 54 55 65 66 -         (1,1)   [0]           [39s]
 11 21 22 32 42 43 53 54 55 65 66 A2B2   11 21 31 32 42 43 53 54 55 65 66 -         (1,6)   [0]           [30s]
 11 21 22 32 42 43 53 54 55 56 66 A4B3   11 21 22 32 42 52 53 54 55 56 66 -         (3,3)   [4, 4]        [48s]
 11 21 22 32 42 43 44 54 55 65 66 A4B4   11 21 22 32 42 43 53 54 55 65 66 -         (4,2)   [3, 3]        [33s]
 11 21 22 32 42 43 44 54 55 56 66 A4B2   11 21 22 32 33 43 44 54 55 56 66 -         (2,4)   [3, 3]        [42s]
 11 21 22 32 42 43 44 45 55 65 66 A4B2   11 21 22 32 33 43 44 45 55 65 66 -         (2,4)   [3, 3]        [36s]
 11 21 22 32 42 43 44 45 55 56 66 A4B5   11 21 22 32 42 43 44 54 55 56 66 -         (4,2)   [3, 3]        [49s]
 11 21 22 32 33 43 53 54 55 56 66 A3B3   11 21 22 32 42 43 53 54 55 56 66 -         (2,3)   [2, 2]        [48s]
 11 21 22 32 33 43 44 54 55 65 66 A3B3   11 21 22 32 42 43 44 54 55 65 66 -         (2,4)   [3, 3]        [26s]
 11 21 22 32 33 43 44 54 55 56 66 A4B3   11 21 22 32 33 34 44 54 55 56 66 -         (3,3)   [4, 4]        [39s]
 11 21 22 32 33 43 44 45 55 65 66 A3B2   11 21 22 23 33 43 44 45 55 65 66 -         (2,6)   [5, 5]        [35s]
 11 21 22 32 33 43 44 45 55 56 66 A2B2   11 21 31 32 33 43 44 45 55 56 66 -         (1,6)   [0]           [39s]
 11 21 22 32 33 43 44 45 55 56 66 A5B6   11 21 22 32 33 43 44 45 55 65 66 -         (8,1)   [0]           [40s]
 11 21 22 32 33 34 44 54 55 56 66 A2B2   11 21 31 32 33 34 44 54 55 56 66 -         (1,6)   [0]           [44s]
 11 21 22 32 33 34 44 45 55 65 66 A2B2   11 21 31 32 33 34 44 45 55 65 66 -         (1,7)   [0]           [29s]
 11 21 22 32 33 34 35 45 55 65 66 A2B1   11 12 22 32 33 34 35 45 55 65 66 -         (1,9)   [0]           [38s]
 11 21 22 23 33 43 53 54 55 56 66 A2B3   11 21 22 32 33 43 53 54 55 56 66 -         (2,5)   [4, 4]        [61s]
 11 21 22 23 33 43 44 54 55 56 66 A4B4   11 21 22 23 33 43 53 54 55 56 66 -         (4,2)   [3, 3]        [53s]
 11 21 22 23 33 34 44 45 55 65 66 A2B1   11 12 22 23 33 34 44 45 55 65 66 -         (1,8)   [0]           [26s]
 11 21 22 23 33 34 35 45 55 65 66 A3B3   11 21 22 23 24 34 35 45 55 65 66 -         (2,3)   [2, 2]        [27s]
 11 21 22 23 24 25 35 45 55 65 66 A2B1   11 12 22 23 24 25 35 45 55 65 66 -         (1,9)   [0]           [32s]

 classes in this shard: 54
   genus 0, symmetric flip -: 20
   genus 2, symmetric flip -: 3
   genus 3, symmetric flip -: 18
   genus 4, symmetric flip -: 10
   genus 5, symmetric flip -: 3
==============================================================================
 k = 6: turns of all two-row zigzags, one per symmetry class
==============================================================================
 pattern            dropped  flipped pattern    symmetric  bideg   genus mod p   [time]
 11 21 31 41 51 52 53 63 64 65 66 A5B3   11 21 31 41 51 52 62 63 64 65 66 -         (3,2)   [2, 2]        [52s]
 11 21 31 41 51 52 53 54 55 65 66 A5B5   11 21 31 41 51 52 53 54 64 65 66 -         (7,1)   [0]           [48s]
 11 21 31 41 42 52 53 63 64 65 66 A5B2   11 21 31 41 42 43 53 63 64 65 66 -         (1,1)   [0]           [38s]
 11 21 31 41 42 52 53 54 55 65 66 A4B1   11 21 31 32 42 52 53 54 55 65 66 -         (2,5)   [4, 4]        [54s]
 11 21 31 41 42 52 53 54 55 56 66 A4B2   11 21 31 41 51 52 53 54 55 56 66 -         (2,3)   [2, 2]        [66s]
 11 21 31 41 42 43 53 54 64 65 66 A4B3   11 21 31 41 42 52 53 54 64 65 66 -         (3,3)   [4, 4]        [42s]
 11 21 31 41 42 43 53 54 55 65 66 A5B3   11 21 31 41 42 43 44 54 55 65 66 -         (4,2)   [3, 3]        [42s]
 11 21 31 41 42 43 53 54 55 56 66 A5B6   11 21 31 41 42 43 53 54 55 65 66 -         (9,1)   [0]           [67s]
 11 21 31 41 42 43 44 54 55 65 66 A5B4   11 21 31 41 42 43 44 45 55 65 66 -         (6,2)   [5, 5]        [61s]
 11 21 31 41 42 43 44 54 55 56 66 A5B6   11 21 31 41 42 43 44 54 55 65 66 -         (10,1)   [0]           [76s]
 11 21 31 41 42 43 44 45 55 56 66 A5B5   11 21 31 41 42 43 44 45 46 56 66 -         (7,1)   [0]           [78s]
 11 21 31 32 42 52 53 54 64 65 66 A5B2   11 21 31 32 42 43 53 54 64 65 66 -         (1,1)   [0]           [40s]
 11 21 31 32 42 52 53 54 55 56 66 A3B1   11 21 22 32 42 52 53 54 55 56 66 -         (1,6)   [0]           [65s]
 11 21 31 32 42 43 53 54 64 65 66 A4B2   11 21 31 32 33 43 53 54 64 65 66 -         (2,4)   [3, 3]        [36s]
 11 21 31 32 42 43 53 54 55 65 66 A5B3   11 21 31 32 42 43 44 54 55 65 66 -         (4,2)   [3, 3]        [39s]
 11 21 31 32 42 43 53 54 55 56 66 A4B3   11 21 31 32 42 52 53 54 55 56 66 -         (3,3)   [4, 4]        [56s]
 11 21 31 32 42 43 44 54 64 65 66 A4B4   11 21 31 32 42 43 53 54 64 65 66 -         (4,2)   [3, 3]        [57s]
 11 21 31 32 42 43 44 54 55 65 66 A5B4   11 21 31 32 42 43 44 45 55 65 66 -         (5,2)   [4, 4]        [58s]
 11 21 31 32 42 43 44 54 55 56 66 A4B4   11 21 31 32 42 43 53 54 55 56 66 -         (4,2)   [3, 3]        [66s]
 11 21 31 32 42 43 44 45 55 65 66 A4B5   11 21 31 32 42 43 44 54 55 65 66 -         (5,2)   [4, 4]        [63s]
 11 21 31 32 42 43 44 45 55 56 66 A5B5   11 21 31 32 42 43 44 45 46 56 66 -         (7,1)   [0]           [77s]
 11 21 31 32 33 43 53 54 55 65 66 A3B1   11 21 22 32 33 43 53 54 55 65 66 -         (1,6)   [0]           [35s]
 11 21 31 32 33 43 53 54 55 56 66 A3B3   11 21 31 32 42 43 53 54 55 56 66 -         (2,3)   [2, 2]        [55s]
 11 21 31 32 33 43 44 54 55 65 66 A3B1   11 21 22 32 33 43 44 54 55 65 66 -         (1,6)   [0]           [38s]
 11 21 31 32 33 43 44 54 55 65 66 A6B5   11 21 31 32 33 43 44 54 55 56 66 -         (8,1)   [0]           [36s]
 11 21 31 32 33 43 44 54 55 56 66 A5B6   11 21 31 32 33 43 44 54 55 65 66 -         (8,1)   [0]           [54s]
 11 21 31 32 33 43 44 45 55 56 66 A3B1   11 21 22 32 33 43 44 45 55 56 66 -         (1,6)   [0]           [47s]
 11 21 31 32 33 43 44 45 46 56 66 A3B1   11 21 22 32 33 43 44 45 46 56 66 -         (1,7)   [0]           [74s]
 11 21 31 32 33 34 44 54 55 65 66 A3B1   11 21 22 32 33 34 44 54 55 65 66 -         (1,6)   [0]           [51s]
 11 21 31 32 33 34 44 54 55 56 66 A3B4   11 21 31 32 33 43 44 54 55 56 66 -         (3,3)   [4, 4]        [74s]
 11 21 31 32 33 34 44 45 55 65 66 A4B5   11 21 31 32 33 34 44 54 55 65 66 -         (5,2)   [4, 4]        [54s]
 11 21 31 32 33 34 44 45 55 56 66 A5B5   11 21 31 32 33 34 44 45 46 56 66 -         (7,1)   [0]           [64s]
 11 21 31 32 33 34 35 45 55 56 66 A3B5   11 21 31 32 33 34 44 45 55 56 66 -         (4,2)   [3, 3]        [65s]
 11 21 22 32 42 52 53 54 55 56 66 A2B1   11 12 22 32 42 52 53 54 55 56 66 -         (1,9)   [0]           [52s]
 11 21 22 32 42 43 53 54 55 65 66 A4B2   11 21 22 32 33 43 53 54 55 65 66 -         (2,4)   [3, 3]        [32s]
 11 21 22 32 42 43 53 54 55 56 66 A5B3   11 21 22 32 42 43 44 54 55 56 66 -         (4,2)   [3, 3]        [48s]
 11 21 22 32 42 43 44 54 55 65 66 A5B4   11 21 22 32 42 43 44 45 55 65 66 -         (4,2)   [3, 3]        [33s]
 11 21 22 32 42 43 44 54 55 56 66 A4B4   11 21 22 32 42 43 53 54 55 56 66 -         (4,2)   [3, 3]        [42s]
 11 21 22 32 42 43 44 45 55 65 66 A4B5   11 21 22 32 42 43 44 54 55 65 66 -         (4,2)   [3, 3]        [36s]
 11 21 22 32 42 43 44 45 55 56 66 A5B5   11 21 22 32 42 43 44 45 46 56 66 -         (6,1)   [0]           [47s]
 11 21 22 32 33 43 53 54 55 56 66 A5B3   11 21 22 32 33 43 44 54 55 56 66 -         (4,2)   [3, 3]        [49s]
 11 21 22 32 33 43 44 54 55 65 66 A4B3   11 21 22 32 33 34 44 54 55 65 66 -         (1,1)   [0]           [23s]
 11 21 22 32 33 43 44 54 55 56 66 A4B4   11 21 22 32 33 43 53 54 55 56 66 -         (4,2)   [3, 3]        [40s]
 11 21 22 32 33 43 44 45 55 65 66 A3B3   11 21 22 32 42 43 44 45 55 65 66 -         (2,4)   [3, 3]        [32s]
 11 21 22 32 33 43 44 45 55 56 66 A3B2   11 21 22 23 33 43 44 45 55 56 66 -         (2,5)   [4, 4]        [44s]
 11 21 22 32 33 34 44 54 55 65 66 A2B1   11 12 22 32 33 34 44 54 55 65 66 -         (1,9)   [0]           [33s]
 11 21 22 32 33 34 44 54 55 56 66 A3B2   11 21 22 23 33 34 44 54 55 56 66 -         (2,6)   [5, 5]        [49s]
 11 21 22 32 33 34 44 45 55 65 66 A3B2   11 21 22 23 33 34 44 45 55 65 66 -         (2,5)   [4, 4]        [33s]
 11 21 22 32 33 34 35 45 55 65 66 A2B2   11 21 31 32 33 34 35 45 55 65 66 -         (1,7)   [0]           [37s]
 11 21 22 23 33 43 53 54 55 56 66 A5B3   11 21 22 23 33 43 44 54 55 56 66 -         (4,2)   [3, 3]        [60s]
 11 21 22 23 33 43 44 54 55 56 66 A5B4   11 21 22 23 33 43 44 45 55 56 66 -         (6,2)   [5, 5]        [56s]
 11 21 22 23 33 34 44 45 55 65 66 A2B3   11 21 22 32 33 34 44 45 55 65 66 -         (2,5)   [4, 4]        [30s]
 11 21 22 23 33 34 35 45 55 65 66 A3B5   11 21 22 23 33 34 44 45 55 65 66 -         (4,2)   [3, 3]        [28s]
 11 21 22 23 24 25 35 45 55 65 66 A2B5   11 21 22 23 24 34 35 45 55 65 66 -         (1,1)   [0]           [32s]

 classes in this shard: 54
   genus 0, symmetric flip -: 22
   genus 2, symmetric flip -: 3
   genus 3, symmetric flip -: 16
   genus 4, symmetric flip -: 10
   genus 5, symmetric flip -: 3
==============================================================================
 k = 6: turns of all two-row zigzags, one per symmetry class
==============================================================================
 pattern            dropped  flipped pattern    symmetric  bideg   genus mod p   [time]
 11 21 31 41 51 52 53 63 64 65 66 A6B3   11 21 31 41 51 52 53 54 64 65 66 -         (5,2)   [4, 4]        [54s]
 11 21 31 41 51 52 53 54 55 65 66 A6B5   11 21 31 41 51 52 53 54 55 56 66 -         (9,1)   [0]           [49s]
 11 21 31 41 42 52 53 54 64 65 66 A4B1   11 21 31 32 42 52 53 54 64 65 66 -         (2,5)   [4, 4]        [45s]
 11 21 31 41 42 52 53 54 55 65 66 A4B2   11 21 31 41 51 52 53 54 55 65 66 -         (2,4)   [3, 3]        [53s]
 11 21 31 41 42 52 53 54 55 56 66 A5B2   11 21 31 41 42 43 53 54 55 56 66 -         (3,3)   [4, 4]        [65s]
 11 21 31 41 42 43 53 54 64 65 66 A5B3   11 21 31 41 42 43 44 54 64 65 66 -         (4,2)   [3, 3]        [43s]
 11 21 31 41 42 43 53 54 55 65 66 A5B5   11 21 31 41 42 43 53 54 64 65 66 -         (6,1)   [0]           [40s]
 11 21 31 41 42 43 44 54 64 65 66 A4B1   11 21 31 32 42 43 44 54 64 65 66 -         (2,4)   [3, 3]        [52s]
 11 21 31 41 42 43 44 54 55 65 66 A5B5   11 21 31 41 42 43 44 54 64 65 66 -         (7,1)   [0]           [55s]
 11 21 31 41 42 43 44 45 55 65 66 A4B1   11 21 31 32 42 43 44 45 55 65 66 -         (2,6)   [5, 5]        [65s]
 11 21 31 41 42 43 44 45 55 56 66 A5B6   11 21 31 41 42 43 44 45 55 65 66 -         (9,1)   [0]           [78s]
 11 21 31 32 42 52 53 54 55 65 66 A3B1   11 21 22 32 42 52 53 54 55 65 66 -         (1,7)   [0]           [48s]
 11 21 31 32 42 52 53 54 55 56 66 A3B2   11 21 31 41 42 52 53 54 55 56 66 -         (2,4)   [3, 3]        [68s]
 11 21 31 32 42 43 53 54 64 65 66 A4B3   11 21 31 32 42 52 53 54 64 65 66 -         (1,1)   [0]           [33s]
 11 21 31 32 42 43 53 54 55 65 66 A5B5   11 21 31 32 42 43 53 54 64 65 66 -         (6,1)   [0]           [36s]
 11 21 31 32 42 43 53 54 55 56 66 A5B3   11 21 31 32 42 43 44 54 55 56 66 -         (4,2)   [3, 3]        [54s]
 11 21 31 32 42 43 44 54 64 65 66 A6B4   11 21 31 32 42 43 44 54 55 65 66 -         (7,1)   [0]           [52s]
 11 21 31 32 42 43 44 54 55 65 66 A5B5   11 21 31 32 42 43 44 54 64 65 66 -         (7,1)   [0]           [53s]
 11 21 31 32 42 43 44 54 55 56 66 A5B4   11 21 31 32 42 43 44 45 55 56 66 -         (5,2)   [4, 4]        [70s]
 11 21 31 32 42 43 44 45 55 65 66 A6B5   11 21 31 32 42 43 44 45 55 56 66 -         (8,1)   [0]           [58s]
 11 21 31 32 42 43 44 45 55 56 66 A5B6   11 21 31 32 42 43 44 45 55 65 66 -         (8,1)   [0]           [77s]
 11 21 31 32 33 43 53 54 55 65 66 A3B3   11 21 31 32 42 43 53 54 55 65 66 -         (2,4)   [3, 3]        [38s]
 11 21 31 32 33 43 53 54 55 56 66 A5B3   11 21 31 32 33 43 44 54 55 56 66 -         (4,2)   [3, 3]        [55s]
 11 21 31 32 33 43 44 54 55 65 66 A3B3   11 21 31 32 42 43 44 54 55 65 66 -         (2,4)   [3, 3]        [41s]
 11 21 31 32 33 43 44 54 55 56 66 A3B1   11 21 22 32 33 43 44 54 55 56 66 -         (1,7)   [0]           [55s]
 11 21 31 32 33 43 44 45 55 65 66 A3B1   11 21 22 32 33 43 44 45 55 65 66 -         (1,6)   [0]           [36s]
 11 21 31 32 33 43 44 45 55 56 66 A3B3   11 21 31 32 42 43 44 45 55 56 66 -         (2,4)   [3, 3]        [50s]
 11 21 31 32 33 43 44 45 46 56 66 A3B3   11 21 31 32 42 43 44 45 46 56 66 -         (2,4)   [3, 3]        [76s]
 11 21 31 32 33 34 44 54 55 65 66 A3B4   11 21 31 32 33 43 44 54 55 65 66 -         (3,3)   [4, 4]        [52s]
 11 21 31 32 33 34 44 54 55 56 66 A5B4   11 21 31 32 33 34 44 45 55 56 66 -         (5,2)   [4, 4]        [76s]
 11 21 31 32 33 34 44 45 55 65 66 A6B5   11 21 31 32 33 34 44 45 55 56 66 -         (9,1)   [0]           [51s]
 11 21 31 32 33 34 44 45 55 56 66 A5B6   11 21 31 32 33 34 44 45 55 65 66 -         (9,1)   [0]           [65s]
 11 21 31 32 33 34 35 45 55 56 66 A5B5   11 21 31 32 33 34 35 45 46 56 66 -         (6,1)   [0]           [63s]
 11 21 22 32 42 52 53 54 55 56 66 A2B2   11 21 31 32 42 52 53 54 55 56 66 -         (1,6)   [0]           [51s]
 11 21 22 32 42 43 53 54 55 65 66 A4B3   11 21 22 32 42 52 53 54 55 65 66 -         (1,1)   [0]           [30s]
 11 21 22 32 42 43 53 54 55 56 66 A5B6   11 21 22 32 42 43 53 54 55 65 66 -         (8,1)   [0]           [46s]
 11 21 22 32 42 43 44 54 55 65 66 A5B5   11 21 22 32 42 43 44 54 64 65 66 -         (6,1)   [0]           [30s]
 11 21 22 32 42 43 44 54 55 56 66 A5B4   11 21 22 32 42 43 44 45 55 56 66 -         (4,2)   [3, 3]        [42s]
 11 21 22 32 42 43 44 45 55 65 66 A6B5   11 21 22 32 42 43 44 45 55 56 66 -         (7,1)   [0]           [33s]
 11 21 22 32 42 43 44 45 55 56 66 A5B6   11 21 22 32 42 43 44 45 55 65 66 -         (7,1)   [0]           [47s]
 11 21 22 32 33 43 53 54 55 56 66 A5B6   11 21 22 32 33 43 53 54 55 65 66 -         (8,1)   [0]           [46s]
 11 21 22 32 33 43 44 54 55 56 66 A2B1   11 12 22 32 33 43 44 54 55 56 66 -         (1,8)   [0]           [37s]
 11 21 22 32 33 43 44 54 55 56 66 A5B4   11 21 22 32 33 43 44 45 55 56 66 -         (5,2)   [4, 4]        [41s]
 11 21 22 32 33 43 44 45 55 65 66 A4B3   11 21 22 32 33 34 44 45 55 65 66 -         (3,3)   [4, 4]        [31s]
 11 21 22 32 33 43 44 45 55 56 66 A3B3   11 21 22 32 42 43 44 45 55 56 66 -         (2,4)   [3, 3]        [42s]
 11 21 22 32 33 34 44 54 55 65 66 A2B2   11 21 31 32 33 34 44 54 55 65 66 -         (1,6)   [0]           [32s]
 11 21 22 32 33 34 44 54 55 56 66 A3B4   11 21 22 32 33 43 44 54 55 56 66 -         (3,3)   [4, 4]        [46s]
 11 21 22 32 33 34 44 45 55 65 66 A3B4   11 21 22 32 33 43 44 45 55 65 66 -         (3,3)   [4, 4]        [32s]
 11 21 22 32 33 34 35 45 55 65 66 A3B2   11 21 22 23 33 34 35 45 55 65 66 -         (2,5)   [4, 4]        [42s]
 11 21 22 23 33 43 53 54 55 56 66 A5B6   11 21 22 23 33 43 53 54 55 65 66 -         (10,1)   [0]           [57s]
 11 21 22 23 33 43 44 54 55 56 66 A5B6   11 21 22 23 33 43 44 54 55 65 66 -         (9,1)   [0]           [51s]
 11 21 22 23 33 34 44 45 55 65 66 A3B3   11 21 22 23 24 34 44 45 55 65 66 -         (2,4)   [3, 3]        [29s]
 11 21 22 23 33 34 35 45 55 65 66 A6B5   11 21 22 23 33 34 35 45 55 56 66 -         (7,1)   [0]           [28s]

 classes in this shard: 53
   genus 0, symmetric flip -: 28
   genus 3, symmetric flip -: 13
   genus 4, symmetric flip -: 11
   genus 5, symmetric flip -: 1
