==============================================================================
 k = 5: turns of all two-row zigzags, one per symmetry class
==============================================================================
 pattern         dropped  flipped pattern symmetric  bideg   genus mod p   [time]
 11 21 31 41 51 52 53 54 55 A5B1   11 21 31 41 42 52 53 54 55 -         (1,1)   [0]           [1s]
 11 21 31 41 42 43 53 54 55 A4B1   11 21 31 32 42 43 53 54 55 -         (2,3)   [2, 2]        [4s]
 11 21 31 41 42 43 44 54 55 A4B1   11 21 31 32 42 43 44 54 55 -         (2,3)   [2, 2]        [4s]
 11 21 31 41 42 43 44 45 55 A4B1   11 21 31 32 42 43 44 45 55 -         (2,3)   [2, 2]        [4s]
 11 21 31 32 42 43 53 54 55 A3B2   11 21 31 41 42 43 53 54 55 -         (2,3)   [2, 2]        [4s]
 11 21 31 32 42 43 44 54 55 A3B2   11 21 31 41 42 43 44 54 55 -         (2,3)   [2, 2]        [4s]
 11 21 31 32 42 43 44 54 55 A5B4   11 21 31 32 42 43 44 45 55 -         (5,1)   [0]           [1s]
 11 21 31 32 42 43 44 45 55 A4B2   11 21 31 32 33 43 44 45 55 -         (2,2)   [1, 1]        [2s]
 11 21 31 32 33 43 53 54 55 A3B3   11 21 31 32 42 43 53 54 55 -         (1,1)   [0]           [1s]
 11 21 31 32 33 43 44 54 55 A4B3   11 21 31 32 33 34 44 54 55 -         (3,2)   [2, 2]        [4s]
 11 21 31 32 33 43 44 45 55 A3B1   11 21 22 32 33 43 44 45 55 -         (1,4)   [0]           [1s]
 11 21 31 32 33 43 44 45 55 A4B5   11 21 31 32 33 43 44 54 55 -         (4,1)   [0]           [1s]
 11 21 31 32 33 34 44 54 55 A5B4   11 21 31 32 33 34 44 45 55 -         (5,1)   [0]           [1s]
 11 21 31 32 33 34 44 45 55 A4B4   11 21 31 32 33 34 35 45 55 -         (4,1)   [0]           [1s]
 11 21 22 32 42 43 44 54 55 A2B1   11 12 22 32 42 43 44 54 55 -         (1,4)   [0]           [1s]
 11 21 22 32 42 43 44 45 55 A2B1   11 12 22 32 42 43 44 45 55 -         (1,5)   [0]           [1s]
 11 21 22 32 42 43 44 45 55 A4B5   11 21 22 32 42 43 44 54 55 -         (4,1)   [0]           [1s]
 11 21 22 32 33 43 44 54 55 A3B2   11 21 22 23 33 43 44 54 55 -         (2,3)   [2, 2]        [3s]
 11 21 22 32 33 43 44 45 55 A2B2   11 21 31 32 33 43 44 45 55 -         (1,4)   [0]           [1s]
 11 21 22 32 33 43 44 45 55 A4B3   11 21 22 32 33 34 44 45 55 -         (3,2)   [2, 2]        [3s]
 11 21 22 32 33 34 44 54 55 A2B2   11 21 31 32 33 34 44 54 55 -         (1,4)   [0]           [1s]
 11 21 22 32 33 34 44 54 55 A5B4   11 21 22 32 33 34 44 45 55 -         (5,1)   [0]           [1s]
 11 21 22 32 33 34 44 45 55 A3B2   11 21 22 23 33 34 44 45 55 -         (2,3)   [2, 2]        [3s]
 11 21 22 23 33 34 44 54 55 A2B1   11 12 22 23 33 34 44 54 55 -         (1,5)   [0]           [1s]
 11 21 22 23 24 34 44 54 55 A2B1   11 12 22 23 24 34 44 54 55 -         (1,5)   [0]           [1s]

 classes in this shard: 25
   genus 0, symmetric flip -: 15
   genus 1, symmetric flip -: 1
   genus 2, symmetric flip -: 9
==============================================================================
 k = 5: turns of all two-row zigzags, one per symmetry class
==============================================================================
 pattern         dropped  flipped pattern symmetric  bideg   genus mod p   [time]
 11 21 31 41 42 52 53 54 55 A4B1   11 21 31 32 42 52 53 54 55 -         (2,3)   [2, 2]        [4s]
 11 21 31 41 42 43 53 54 55 A4B3   11 21 31 41 42 52 53 54 55 -         (3,2)   [2, 2]        [4s]
 11 21 31 41 42 43 44 54 55 A4B4   11 21 31 41 42 43 53 54 55 -         (4,1)   [0]           [1s]
 11 21 31 41 42 43 44 45 55 A4B5   11 21 31 41 42 43 44 54 55 -         (6,1)   [0]           [1s]
 11 21 31 32 42 43 53 54 55 A4B2   11 21 31 32 33 43 53 54 55 -         (1,1)   [0]           [1s]
 11 21 31 32 42 43 44 54 55 A4B2   11 21 31 32 33 43 44 54 55 -         (2,2)   [1, 1]        [2s]
 11 21 31 32 42 43 44 45 55 A3B1   11 21 22 32 42 43 44 45 55 -         (1,3)   [0]           [1s]
 11 21 31 32 42 43 44 45 55 A4B5   11 21 31 32 42 43 44 54 55 -         (5,1)   [0]           [1s]
 11 21 31 32 33 43 44 54 55 A3B1   11 21 22 32 33 43 44 54 55 -         (1,4)   [0]           [1s]
 11 21 31 32 33 43 44 54 55 A4B4   11 21 31 32 33 43 53 54 55 -         (4,1)   [0]           [1s]
 11 21 31 32 33 43 44 45 55 A3B3   11 21 31 32 42 43 44 45 55 -         (2,2)   [1, 1]        [2s]
 11 21 31 32 33 34 44 54 55 A3B1   11 21 22 32 33 34 44 54 55 -         (1,4)   [0]           [1s]
 11 21 31 32 33 34 44 45 55 A3B1   11 21 22 32 33 34 44 45 55 -         (1,4)   [0]           [1s]
 11 21 31 32 33 34 44 45 55 A4B5   11 21 31 32 33 34 44 54 55 -         (5,1)   [0]           [1s]
 11 21 22 32 42 43 44 54 55 A2B2   11 21 31 32 42 43 44 54 55 -         (1,4)   [0]           [1s]
 11 21 22 32 42 43 44 45 55 A2B2   11 21 31 32 42 43 44 45 55 -         (1,3)   [0]           [1s]
 11 21 22 32 33 43 44 54 55 A2B1   11 12 22 32 33 43 44 54 55 -         (1,5)   [0]           [1s]
 11 21 22 32 33 43 44 54 55 A3B3   11 21 22 32 42 43 44 54 55 -         (1,1)   [0]           [1s]
 11 21 22 32 33 43 44 45 55 A3B2   11 21 22 23 33 43 44 45 55 -         (2,3)   [2, 2]        [3s]
 11 21 22 32 33 43 44 45 55 A4B5   11 21 22 32 33 43 44 54 55 -         (5,1)   [0]           [1s]
 11 21 22 32 33 34 44 54 55 A3B2   11 21 22 23 33 34 44 54 55 -         (2,3)   [2, 2]        [3s]
 11 21 22 32 33 34 44 45 55 A2B1   11 12 22 32 33 34 44 45 55 -         (1,5)   [0]           [1s]
 11 21 22 23 33 43 44 45 55 A2B1   11 12 22 23 33 43 44 45 55 -         (1,6)   [0]           [1s]
 11 21 22 23 33 34 44 54 55 A2B3   11 21 22 32 33 34 44 54 55 -         (2,3)   [2, 2]        [3s]
 11 21 22 23 24 34 44 54 55 A2B4   11 21 22 23 33 34 44 54 55 -         (1,1)   [0]           [1s]

 classes in this shard: 25
   genus 0, symmetric flip -: 18
   genus 1, symmetric flip -: 2
   genus 2, symmetric flip -: 5
==============================================================================
 k = 5: turns of all two-row zigzags, one per symmetry class
==============================================================================
 pattern         dropped  flipped pattern symmetric  bideg   genus mod p   [time]
 11 21 31 41 42 52 53 54 55 A4B2   11 21 31 41 51 52 53 54 55 -         (1,1)   [0]           [1s]
 11 21 31 41 42 43 53 54 55 A5B3   11 21 31 41 42 43 44 54 55 -         (4,1)   [0]           [1s]
 11 21 31 41 42 43 44 54 55 A5B4   11 21 31 41 42 43 44 45 55 -         (6,1)   [0]           [1s]
 11 21 31 32 42 43 53 54 55 A3B1   11 21 22 32 42 43 53 54 55 -         (1,4)   [0]           [1s]
 11 21 31 32 42 43 44 54 55 A3B1   11 21 22 32 42 43 44 54 55 -         (1,4)   [0]           [1s]
 11 21 31 32 42 43 44 54 55 A4B4   11 21 31 32 42 43 53 54 55 -         (4,1)   [0]           [1s]
 11 21 31 32 42 43 44 45 55 A3B2   11 21 31 41 42 43 44 45 55 -         (2,3)   [2, 2]        [4s]
 11 21 31 32 33 43 53 54 55 A3B1   11 21 22 32 33 43 53 54 55 -         (1,4)   [0]           [1s]
 11 21 31 32 33 43 44 54 55 A3B3   11 21 31 32 42 43 44 54 55 -         (2,2)   [1, 1]        [2s]
 11 21 31 32 33 43 44 54 55 A5B4   11 21 31 32 33 43 44 45 55 -         (4,1)   [0]           [1s]
 11 21 31 32 33 43 44 45 55 A4B3   11 21 31 32 33 34 44 45 55 -         (3,2)   [2, 2]        [3s]
 11 21 31 32 33 34 44 54 55 A3B4   11 21 31 32 33 43 44 54 55 -         (3,2)   [2, 2]        [4s]
 11 21 31 32 33 34 44 45 55 A3B4   11 21 31 32 33 43 44 45 55 -         (3,2)   [2, 2]        [4s]
 11 21 31 32 33 34 35 45 55 A3B1   11 21 22 32 33 34 35 45 55 -         (1,4)   [0]           [1s]
 11 21 22 32 42 43 44 54 55 A4B2   11 21 22 32 33 43 44 54 55 -         (1,1)   [0]           [1s]
 11 21 22 32 42 43 44 45 55 A4B2   11 21 22 32 33 43 44 45 55 -         (2,2)   [1, 1]        [2s]
 11 21 22 32 33 43 44 54 55 A2B2   11 21 31 32 33 43 44 54 55 -         (1,4)   [0]           [1s]
 11 21 22 32 33 43 44 45 55 A2B1   11 12 22 32 33 43 44 45 55 -         (1,5)   [0]           [1s]
 11 21 22 32 33 43 44 45 55 A3B3   11 21 22 32 42 43 44 45 55 -         (2,2)   [1, 1]        [2s]
 11 21 22 32 33 34 44 54 55 A2B1   11 12 22 32 33 34 44 54 55 -         (1,6)   [0]           [1s]
 11 21 22 32 33 34 44 54 55 A3B4   11 21 22 32 33 43 44 54 55 -         (3,2)   [2, 2]        [4s]
 11 21 22 32 33 34 44 45 55 A2B2   11 21 31 32 33 34 44 45 55 -         (1,4)   [0]           [1s]
 11 21 22 23 33 43 44 45 55 A2B3   11 21 22 32 33 43 44 45 55 -         (2,3)   [2, 2]        [3s]
 11 21 22 23 33 34 44 54 55 A3B3   11 21 22 23 24 34 44 54 55 -         (1,1)   [0]           [1s]

 classes in this shard: 24
   genus 0, symmetric flip -: 15
   genus 1, symmetric flip -: 3
   genus 2, symmetric flip -: 6
