[7, 1, -1, 1, 0, [[14, 49]]]
[7, 1, 1, 1, 0, [[21, 98]]]
[7, -1, -1, 1, 0, [[21, 98]]]
[7, -1, 1, 1, 0, [[14, 49]]]
[7, 2, -1, 0, 0, []]
[7, -2, -1, 1, 0, [[-7, 49]]]
[7, -2, 1, 0, 0, []]
[7, 3, -1, 1, 0, [[1785/4, 75411/8]]]
[7, 3, 1, 1, 0, [[7, 98]]]
[7, -3, -1, 1, 0, [[7, 98]]]
[7, -3, 1, 1, 0, [[1785/4, 75411/8]]]
[7, 5, -1, 1, 0, [[329/4, 5733/8]]]
[7, 5, 1, 1, 0, [[665, 17150]]]
[7, -5, -1, 1, 0, [[665, 17150]]]
[7, -5, 1, 1, 0, [[329/4, 5733/8]]]
[7, 6, -1, 1, 0, [[217, 3185]]]
[7, 6, 1, 0, 0, []]
[7, -6, -1, 0, 0, []]
[7, 7, -1, 0, 0, []]
[7, -7, -1, 0, 0, []]
[7, 10, -1, 0, 0, []]
[7, -10, -1, 1, 0, [[14, 588]]]
[7, -10, 1, 0, 0, []]
[7, 11, -1, 0, 0, []]
[7, -11, -1, 0, 0, []]
[7, 13, -1, 1, 0, [[1495, 57798]]]
[7, 13, 1, 1, 0, [[65, 1014]]]
[7, -13, -1, 1, 0, [[65, 1014]]]
[7, -13, 1, 1, 0, [[1495, 57798]]]
[7, 14, -1, 0, 0, []]
[7, -14, -1, 1, 0, [[49, 1029]]]
[7, -14, 1, 0, 0, []]
[7, 15, -1, 1, 0, [[240205/361, 117494650/6859]]]
[7, 15, 1, 1, 0, [[70, 1225]]]
[7, -15, -1, 1, 0, [[70, 1225]]]
[7, -15, 1, 1, 0, [[240205/361, 117494650/6859]]]
[7, 17, -1, 1, 0, [[140, 1029]]]
[7, 17, 1, 1, 0, [[19705/4, 2766099/8]]]
[7, -17, -1, 1, 0, [[19705/4, 2766099/8]]]
[7, -17, 1, 1, 0, [[140, 1029]]]
[7, 19, -1, 0, 0, []]
[7, -19, -1, 0, 0, []]
[7, 21, -1, 0, 0, []]
[7, -21, -1, 0, 0, []]
[7, 22, -1, 0, 0, []]
[7, -22, -1, 1, 0, [[-7, 1911]]]
[7, -22, 1, 0, 0, []]
[7, 23, -1, 0, 0, []]
[7, -23, -1, 0, 0, []]
[7, 26, -1, 2, 0, [[329, 5439], [1638, 66248]]]
[7, 26, 1, 1, 0, [[1729/4, 74529/8]]]
[7, -26, -1, 1, 0, [[1729/4, 74529/8]]]
[7, -26, 1, 2, 0, [[329, 5439], [1638, 66248]]]
[7, 29, -1, 1, 0, [[4192447/8649, 8262969470/804357]]]
[7, 29, 1, 1, 0, [[51569, 11710706]]]
[7, -29, -1, 1, 0, [[51569, 11710706]]]
[7, -29, 1, 1, 0, [[4192447/8649, 8262969470/804357]]]
[7, 30, -1, 1, 0, [[7014, 587412]]]
[7, 30, 1, 0, 0, []]
[7, -30, -1, 0, 0, []]
[7, 31, -1, 0, 0, []]
[7, -31, -1, 2, 0, [[-124, 2883], [5642, 423801]]]
[7, -31, 1, 0, 0, []]
[7, 33, -1, 0, 0, []]
[7, -33, -1, 0, 0, []]
[7, 34, -1, 0, 0, []]
[7, -34, -1, 1, 0, [[518, 12348]]]
[7, -34, 1, 0, 0, []]
[7, 35, -1, 0, 0, []]
[7, -35, -1, 0, 0, []]
[7, 37, -1, 1, 0, [[128443/169, 45112536/2197]]]
[7, 37, 1, 1, 0, [[2093, 95844]]]
[7, -37, -1, 1, 0, [[2093, 95844]]]
[7, -37, 1, 1, 0, [[128443/169, 45112536/2197]]]
[7, 38, -1, 0, 0, []]
[7, -38, -1, 1, 0, [[-38, 4332]]]
[7, -38, 1, 0, 0, []]
[7, 39, -1, 1, 0, [[25753/36, 4016285/216]]]
[7, 39, 1, 1, 0, [[78, 4563]]]
[7, -39, -1, 1, 0, [[78, 4563]]]
[7, -39, 1, 1, 0, [[25753/36, 4016285/216]]]
[7, 41, -1, 1, 0, [[24836/25, 3866541/125]]]
[7, 41, 1, 1, 0, [[553/4, 41013/8]]]
[7, -41, -1, 1, 0, [[553/4, 41013/8]]]
[7, -41, 1, 1, 0, [[24836/25, 3866541/125]]]
[7, 42, -1, 1, 0, [[490, 9604]]]
[7, 42, 1, 0, 0, []]
[7, -42, -1, 0, 0, []]
[7, 43, -1, 0, 0, []]
[7, -43, -1, 0, 0, []]
[7, 46, -1, 0, 0, []]
[7, -46, -1, 1, 0, [[1001, 32193]]]
[7, -46, 1, 0, 0, []]
[7, 47, -1, 2, 0, [[9737, 960792], [32921/100, 261219/1000]]]
[7, 47, 1, 2, 0, [[-182, 5439], [-140, 5733]]]
[7, -47, -1, 2, 0, [[-182, 5439], [-140, 5733]]]
[7, -47, 1, 2, 0, [[9737, 960792], [32921/100, 261219/1000]]]
[7, 51, -1, 1, 0, [[156155657721/31696900, 61695564237567981/178453547000]]]
[7, 51, 1, 1, 0, [[-20391/100, 6084477/1000]]]
[7, -51, -1, 1, 0, [[-20391/100, 6084477/1000]]]
[7, -51, 1, 1, 0, [[156155657721/31696900, 61695564237567981/178453547000]]]
[7, 53, -1, 1, 0, [[21336516103/12257001, 3101507940347054/42911760501]]]
[7, 53, 1, 1, 0, [[329, 9310]]]
[7, -53, -1, 1, 0, [[329, 9310]]]
[7, -53, 1, 1, 0, [[21336516103/12257001, 3101507940347054/42911760501]]]
[7, 55, -1, 0, 0, []]
[7, -55, -1, 0, 0, []]
[7, 57, -1, 0, 0, []]
[7, -57, -1, 0, 0, []]
[7, 58, -1, 0, 0, []]
[7, -58, -1, 1, 0, [[721/9, 221725/27]]]
[7, -58, 1, 0, 0, []]
[7, 59, -1, 0, 0, []]
[7, -59, -1, 0, 0, []]
[7, 61, -1, 1, 0, [[2078209/1600, 2942243073/64000]]]
[7, 61, 1, 1, 0, [[-108031/10000, 8823447297/1000000]]]
[7, -61, -1, 1, 0, [[-108031/10000, 8823447297/1000000]]]
[7, -61, 1, 1, 0, [[1148203/1089, 1188785080/35937]]]
[7, 62, -1, 2, 0, [[609, 12005], [1953/4, 47089/8]]]
[7, 62, 1, 1, 0, [[3689/4, 235445/8]]]
[7, -62, -1, 1, 0, [[3689/4, 235445/8]]]
[7, -62, 1, 2, 0, [[609, 12005], [1953/4, 47089/8]]]
[7, 65, -1, 1, 0, [[546, 8281]]]
[7, 65, 1, 1, 0, [[1001, 33124]]]
[7, -65, -1, 1, 0, [[1001, 33124]]]
[7, -65, 1, 1, 0, [[546, 8281]]]
[7, 66, -1, 1, 0, [[298137, 162788535]]]
[7, 66, 1, 0, 0, []]
[7, -66, -1, 0, 0, []]
[7, 67, -1, 0, 0, []]
[7, -67, -1, 2, 0, [[603, 17956], [5705/4, 438501/8]]]
[7, -67, 1, 0, 0, []]
[7, 69, -1, 0, 0, []]
[7, -69, -1, 0, 0, []]
[7, 70, -1, 0, 0, []]
[7, -70, -1, 1, 0, [[-294, 9604]]]
[7, -70, 1, 0, 0, []]
[7, 71, -1, 0, 0, []]
[7, -71, -1, 0, 0, []]
[7, 73, -1, 1, 0, [[730, 15987]]]
[7, 73, 1, 1, 0, [[7349713/11664, 24673062169/1259712]]]
[7, -73, -1, 1, 0, [[652985/3721, 2674497204/226981]]]
[7, -73, 1, 1, 0, [[730, 15987]]]
[7, 74, -1, 0, 0, []]
[7, -74, -1, 1, 0, [[238, 12348]]]
[7, -74, 1, 0, 0, []]
[7, 77, -1, 1, 0, [[21707, 3198132]]]
[7, 77, 1, 1, 0, [[1813, 78204]]]
[7, -77, -1, 1, 0, [[1813, 78204]]]
[7, -77, 1, 1, 0, [[21707, 3198132]]]
[7, 78, -1, 1, 0, [[530530/9, 386424584/27]]]
[7, 78, 1, 2, 0, [[-455, 8281], [130, 12844]]]
[7, -78, -1, 2, 0, [[-455, 8281], [130, 12844]]]
[7, -78, 1, 1, 0, [[530530/9, 386424584/27]]]
[7, 79, -1, 0, 0, []]
[7, -79, -1, 2, 0, [[-237, 12482], [-12166/25, 917427/125]]]
[7, -79, 1, 0, 0, []]
[7, 82, -1, 0, 0, []]
[7, -82, -1, 1, 0, [[-328090/3481, 2818125828/205379]]]
[7, -82, 1, 0, 0, []]
[7, 83, -1, 0, 0, []]
[7, -83, -1, 0, 0, []]
[7, 85, -1, 1, 0, [[1432921/4, 1715273469/8]]]
[7, 85, 1, 1, 0, [[7303289/2500, 19820049837/125000]]]
[7, -85, -1, 1, 0, [[7303289/2500, 19820049837/125000]]]
[7, -85, 1, 1, 0, [[1432921/4, 1715273469/8]]]
[7, 86, -1, 2, 0, [[8729, 815409], [753274/81, 653688064/729]]]
[7, 86, 1, 1, 0, [[86, 14792]]]
[7, -86, -1, 1, 0, [[86, 14792]]]
[7, -86, 1, 2, 0, [[8729, 815409], [753274/81, 653688064/729]]]
[7, 87, -1, 1, 0, [[2798788981933/54272689, 4682252990287764206/399826899863]]]
[7, 87, 1, 1, 0, [[-434, 12005]]]
[7, -87, -1, 1, 0, [[-434, 12005]]]
[7, -87, 1, 1, 0, [[2798788981933/54272689, 4682252990287764206/399826899863]]]
[7, 89, -1, 1, 0, [[4147892/3481, 7820810571/205379]]]
[7, 89, 1, 1, 0, [[5001312169/6300100, 430771139086197/15813251000]]]
[7, -89, -1, 1, 0, [[5001312169/6300100, 430771139086197/15813251000]]]
[7, -89, 1, 1, 0, [[4147892/3481, 7820810571/205379]]]
[7, 91, -1, 0, 0, []]
[7, -91, -1, 0, 0, []]
[7, 93, -1, 2, 0, [[11935/9, 1224314/27], [130417/144, 37341577/1728]]]
[7, 93, 1, 0, 0, []]
[7, -93, -1, 0, 0, []]
[7, 94, -1, 0, 0, []]
[7, -94, -1, 1, 0, [[1694, 71736]]]
[7, -94, 1, 0, 0, []]
[7, 95, -1, 2, 0, [[2261, 106134], [6407465/16, 16219197525/64]]]
[7, 95, 1, 2, 0, [[266, 17689], [-2660/9, 442225/27]]]
[7, -95, -1, 2, 0, [[266, 17689], [-2660/9, 442225/27]]]
[7, -95, 1, 2, 0, [[2261, 106134], [6407465/16, 16219197525/64]]]
[7, 97, -1, 1, 0, [[156655/121, 57357264/1331]]]
[7, 97, 1, 1, 0, [[2302489/5184, 7471169405/373248]]]
[7, -97, -1, 1, 0, [[676769/1225, 940975272/42875]]]
[7, -97, 1, 1, 0, [[748937/256, 644074277/4096]]]
[7, 101, -1, 1, 0, [[471630089/624100, 4359076359813/493039000]]]
[7, 101, 1, 1, 0, [[4608121/2500, 10167310419/125000]]]
[7, -101, -1, 1, 0, [[4608121/2500, 10167310419/125000]]]
[7, -101, 1, 1, 0, [[471630089/624100, 4359076359813/493039000]]]
[7, 102, -1, 1, 0, [[984270/1369, 140137452/50653]]]
[7, 102, 1, 0, 0, []]
[7, -102, -1, 0, 0, []]
[7, 103, -1, 0, 0, []]
[7, -103, -1, 2, 0, [[2060, 95481], [33887, 6238092]]]
[7, -103, 1, 0, 0, []]
[7, 105, -1, 0, 0, []]
[7, -105, -1, 0, 0, []]
[7, 106, -1, 0, 0, []]
[7, -106, -1, 1, 0, [[-2532327/3481, 996255505/205379]]]
[7, -106, 1, 0, 0, []]
[7, 107, -1, 0, 0, []]
[7, -107, -1, 0, 0, []]
[7, 109, -1, 1, 0, [[171606183007/50168889, 70692906307662730/355346240787]]]
[7, 109, 1, 1, 0, [[-63, 21070]]]
[7, -109, -1, 1, 0, [[-63, 21070]]]
[7, -109, 1, 1, 0, [[171606183007/50168889, 70692906307662730/355346240787]]]
[7, 110, -1, 0, 0, []]
[7, -110, -1, 1, 0, [[-286, 20812]]]
[7, -110, 1, 0, 0, []]
[7, 111, -1, 1, 0, [[188534577/89401, 2523157994700/26730899]]]
[7, 111, 1, 1, 0, [[546, 25137]]]
[7, -111, -1, 1, 0, [[546, 25137]]]
[7, -111, 1, 1, 0, [[188534577/89401, 2523157994700/26730899]]]
[7, 113, -1, 1, 0, [[1756902/2209, 297079993/103823]]]
[7, 113, 1, 1, 0, [[973/9, 601426/27]]]
[7, -113, -1, 1, 0, [[973/9, 601426/27]]]
[7, -113, 1, 1, 0, [[1756902/2209, 297079993/103823]]]
[7, 114, -1, 1, 0, [[20881/25, 1079029/125]]]
[7, 114, 1, 0, 0, []]
[7, -114, -1, 0, 0, []]
[7, 115, -1, 0, 0, []]
[7, -115, -1, 0, 0, []]
[7, 118, -1, 2, 0, [[3178, 177576], [56273, 13349021]]]
[7, 118, 1, 1, 0, [[135254/121, 58929360/1331]]]
[7, -118, -1, 1, 0, [[135254/121, 58929360/1331]]]
[7, -118, 1, 2, 0, [[3178, 177576], [56273, 13349021]]]
[7, 119, -1, 0, 0, []]
[7, -119, -1, 0, 0, []]
[7, 122, -1, 0, 0, []]
[7, -122, -1, 1, 0, [[793, 33489]]]
[7, -122, 1, 0, 0, []]
[7, 123, -1, 1, 0, [[126957705/24964, 1427027361669/3944312]]]
[7, 123, 1, 1, 0, [[70622545161/78676900, 25750403087499909/697864103000]]]
[7, -123, -1, 1, 0, [[70622545161/78676900, 25750403087499909/697864103000]]]
[7, -123, 1, 1, 0, [[126957705/24964, 1427027361669/3944312]]]
[7, 127, -1, 0, 0, []]
[7, -127, -1, 2, 0, [[-762, 16129], [-700, 18963]]]
[7, -127, 1, 0, 0, []]
[7, 129, -1, 0, 0, []]
[7, -129, -1, 0, 0, []]
[7, 130, -1, 0, 0, []]
[7, -130, -1, 1, 0, [[-871, 9633]]]
[7, -130, 1, 0, 0, []]
[7, 131, -1, 0, 0, []]
[7, -131, -1, 0, 0, []]
[7, 133, -1, 1, 0, [[23275/9, 3467044/27]]]
[7, 133, 1, 1, 0, [[54929/16, 13001415/64]]]
[7, -133, -1, 1, 0, [[54929/16, 13001415/64]]]
[7, -133, 1, 1, 0, [[23275/9, 3467044/27]]]
[7, 134, -1, 0, 0, []]
[7, -134, -1, 1, 0, [[201737, 90610465]]]
[7, -134, 1, 0, 0, []]
[7, 137, -1, 1, 0, [[987, 8918]]]
[7, 137, 1, 1, 0, [[-1950858176667883/2085676090969, 24026894425052278241818/3012106296788247203]]]
[7, -137, -1, 1, 0, [[-1950858176667883/2085676090969, 24026894425052278241818/3012106296788247203]]]
[7, -137, 1, 1, 0, [[987, 8918]]]
[7, 138, -1, 1, 0, [[23194857/20449, 69070693167/2924207]]]
[7, 138, 1, 0, 0, []]
[7, -138, -1, 0, 0, []]
[7, 139, -1, 2, 0, [[28217/4, 4733645/8], [7993172621/7756225, 284371579980544/21601086625]]]
[7, 139, 1, 2, 0, [[7119, 601426], [31553/64, 16519455/512]]]
[7, -139, -1, 2, 0, [[7119, 601426], [31553/64, 16519455/512]]]
[7, -139, 1, 2, 0, [[36001/25, 5680374/125], [3298112353/65536, 189407250537105/16777216]]]
[7, 141, -1, 2, 0, [[696003/169, 576642780/2197], [712761/100, 600950259/1000]]]
[7, 141, 1, 2, 0, [[-959, 8918], [-982023/1156, 733692141/39304]]]
[7, -141, -1, 2, 0, [[-959, 8918], [-982023/1156, 733692141/39304]]]
[7, -141, 1, 2, 0, [[696003/169, 576642780/2197], [712761/100, 600950259/1000]]]
[7, 142, -1, 0, 0, []]
[7, -142, -1, 1, 0, [[129689/169, 83196855/2197]]]
[7, -142, 1, 0, 0, []]
[7, 143, -1, 0, 0, []]
[7, -143, -1, 2, 0, [[-728, 24843], [455, 33124]]]
[7, -143, 1, 0, 0, []]
[7, 145, -1, 1, 0, [[689990/361, 528488275/6859]]]
[7, 145, 1, 1, 0, [[-315, 31850]]]
[7, -145, -1, 1, 0, [[-315, 31850]]]
[7, -145, 1, 1, 0, [[689990/361, 528488275/6859]]]
[7, 146, -1, 0, 0, []]
[7, -146, -1, 1, 0, [[2482, 127896]]]
[7, -146, 1, 0, 0, []]
[7, 149, -1, 1, 0, [[3913593943/3426201, 119612505793690/6341898051]]]
[7, 149, 1, 1, 0, [[2664213252012361/2655019312929, 200364301128668011787998/4326149533930709967]]]
[7, -149, -1, 1, 0, [[2664213252012361/2655019312929, 200364301128668011787998/4326149533930709967]]]
[7, -149, 1, 1, 0, [[3913593943/3426201, 119612505793690/6341898051]]]
[7, 1, -1, 1, 1, [[14, 49]]]
[7, 1, 1, 1, 1, [[21, 98]]]
[7, -1, -1, 1, 1, [[21, 98]]]
[7, 3, -1, 1, 1, [[1785/4, 75411/8]]]
[7, -3, -1, 1, 1, [[7, 98]]]
[7, -3, 1, 1, 1, [[1785/4, 75411/8]]]
[7, 5, -1, 1, 1, [[329/4, 5733/8]]]
[7, -5, -1, 1, 1, [[665, 17150]]]
[7, -5, 1, 1, 1, [[329/4, 5733/8]]]
[7, 13, -1, 1, 1, [[1495, 57798]]]
[7, -13, -1, 1, 1, [[65, 1014]]]
[7, 15, -1, 1, 1, [[240205/361, 117494650/6859]]]
[7, 15, 1, 1, 1, [[70, 1225]]]
[7, -15, -1, 1, 1, [[70, 1225]]]
[7, -15, 1, 1, 1, [[240205/361, 117494650/6859]]]
[7, 17, -1, 1, 1, [[140, 1029]]]
[7, -17, -1, 1, 1, [[19705/4, 2766099/8]]]
[7, -17, 1, 1, 1, [[140, 1029]]]
[7, 26, -1, 2, 1, [[1638, 66248], [329, -5439]]]
[7, 26, 1, 1, 1, [[1729/4, 74529/8]]]
[7, -26, -1, 1, 1, [[1729/4, 74529/8]]]
[7, 29, -1, 1, 1, [[4192447/8649, 8262969470/804357]]]
[7, -29, -1, 1, 1, [[51569, 11710706]]]
[7, -29, 1, 1, 1, [[4192447/8649, 8262969470/804357]]]
[7, 37, -1, 1, 1, [[128443/169, 45112536/2197]]]
[7, -37, -1, 1, 1, [[2093, 95844]]]
[7, 41, -1, 1, 1, [[24836/25, 3866541/125]]]
[7, -41, -1, 1, 1, [[553/4, 41013/8]]]
[7, 47, -1, 2, 1, [[9737, 960792], [32921/100, 261219/1000]]]
[7, 47, 1, 2, 1, [[-140, 5733], [-182, -5439]]]
[7, -47, -1, 2, 1, [[-140, 5733], [-182, -5439]]]
[7, -47, 1, 2, 1, [[9737, 960792], [32921/100, 261219/1000]]]
[7, 3, 1, 1, 1, [[7, 98]]]
[7, 5, 1, 1, 1, [[665, 17150]]]
[7, -1, 1, 1, 1, [[14, 49]]]
[7, 77, -1, 1, 1, [[21707, 3198132]]]
[7, 77, 1, 1, 1, [[1813, 78204]]]
[7, -77, -1, 1, 1, [[1813, 78204]]]
[7, -77, 1, 1, 1, [[21707, 3198132]]]
[7, 13, 1, 1, 1, [[65, 1014]]]
[7, -41, 1, 1, 1, [[24836/25, 3866541/125]]]
[7, 51, -1, 1, 1, [[156155657721/31696900, 61695564237567981/178453547000]]]
[7, -51, -1, 1, 1, [[-20391/100, 6084477/1000]]]
[7, 53, -1, 1, 1, [[21336516103/12257001, 3101507940347054/42911760501]]]
[7, -53, -1, 1, 1, [[329, 9310]]]
[7, 61, -1, 1, 1, [[2078209/1600, 2942243073/64000]]]
[7, -61, -1, 1, 1, [[-108031/10000, 8823447297/1000000]]]
[7, 62, -1, 2, 1, [[1953/4, 47089/8], [609, -12005]]]
[7, 62, 1, 1, 1, [[3689/4, 235445/8]]]
[7, -62, -1, 1, 1, [[3689/4, 235445/8]]]
[7, 87, -1, 1, 1, [[2798788981933/54272689, 4682252990287764206/399826899863]]]
[7, -87, -1, 1, 1, [[-434, 12005]]]
[7, 95, -1, 2, 1, [[2261, 106134], [6407465/16, 16219197525/64]]]
[7, 95, 1, 2, 1, [[266, 17689], [-2660/9, 442225/27]]]
[7, -13, 1, 1, 1, [[1495, 57798]]]
[7, 17, 1, 1, 1, [[19705/4, 2766099/8]]]
[7, -37, 1, 1, 1, [[128443/169, 45112536/2197]]]
[7, 39, -1, 1, 1, [[25753/36, 4016285/216]]]
[7, 39, 1, 1, 1, [[78, 4563]]]
[7, 51, 1, 1, 1, [[-20391/100, 6084477/1000]]]
[7, -95, -1, 2, 1, [[266, 17689], [-2660/9, 442225/27]]]
[7, -95, 1, 2, 1, [[2261, 106134], [6407465/16, 16219197525/64]]]
[7, 78, -1, 1, 1, [[530530/9, 386424584/27]]]
[7, -78, -1, 2, 1, [[-455, 8281], [130, 12844]]]
[7, -78, 1, 1, 1, [[530530/9, 386424584/27]]]
[7, 86, -1, 2, 1, [[8729, 815409], [753274/81, 653688064/729]]]
[7, 86, 1, 1, 1, [[86, 14792]]]
[7, -86, -1, 1, 1, [[86, 14792]]]
[7, 118, -1, 2, 1, [[3178, 177576], [56273, 13349021]]]
[7, 118, 1, 1, 1, [[135254/121, 58929360/1331]]]
[7, -118, -1, 1, 1, [[135254/121, 58929360/1331]]]
[7, 154, -1, 0, 0, []]
[7, -154, 1, 0, 0, []]
[7, 158, -1, 2, 0, [[1190, 18228], [445718/361, 157797444/6859]]]
[7, 158, 1, 1, 0, [[2650529/2116, 5607008015/97336]]]
[7, 158, -1, 2, 1, [[1190, 18228], [445718/361, 157797444/6859]]]
[7, 158, 1, 1, 1, [[2650529/2116, 5607008015/97336]]]
[7, -158, 1, 2, 0, [[1190, 18228], [445718/361, 157797444/6859]]]
[7, -158, -1, 1, 0, [[4060126/9025, 32579667624/857375]]]
[7, -158, -1, 1, 1, [[4060126/9025, 32579667624/857375]]]
[7, 166, -1, 2, 0, [[1169, 5341], [358892842/177241, 6122980727640/74618461]]]
[7, 166, 1, 1, 0, [[740054/529, 798485184/12167]]]
[7, 166, -1, 2, 1, [[1169, 5341], [358892842/177241, 6122980727640/74618461]]]
[7, 166, 1, 1, 1, [[740054/529, 798485184/12167]]]
[7, -166, 1, 2, 0, [[1169, 5341], [358892842/177241, 6122980727640/74618461]]]
[7, -166, -1, 1, 0, [[740054/529, 798485184/12167]]]
[7, -166, -1, 1, 1, [[740054/529, 798485184/12167]]]
[7, 170, -1, 0, 0, []]
[7, -170, 1, 0, 0, []]
[7, 174, 1, 0, 0, []]
[7, -174, -1, 0, 0, []]
[7, 178, -1, 0, 0, []]
[7, -178, 1, 0, 0, []]
[7, 182, -1, 2, 0, [[3185, 173901], [10682, 1103088]]]
[7, 182, 1, 1, 0, [[1078, 57624]]]
[7, 182, -1, 2, 1, [[3185, 173901], [10682, 1103088]]]
[7, 182, 1, 1, 1, [[1078, 57624]]]
[7, -182, 1, 2, 0, [[3185, 173901], [10682, 1103088]]]
[7, -182, -1, 1, 0, [[1078, 57624]]]
[7, -182, -1, 1, 1, [[1078, 57624]]]
[7, 186, 1, 2, 0, [[217, 47089], [721, 50813]]]
[7, 186, -1, 1, 0, [[1510537/1156, 192358565/39304]]]
[7, 186, -1, 1, 1, [[1510537/1156, 192358565/39304]]]
[7, -186, -1, 2, 0, [[217, 47089], [721, 50813]]]
[7, -186, 1, 1, 0, [[1510537/1156, 192358565/39304]]]
[7, -186, -1, 2, 1, [[217, 47089], [721, 50813]]]
[7, -186, 1, 1, 1, [[1510537/1156, 192358565/39304]]]
[7, 190, -1, 2, 0, [[1729, 53067], [10380745/64, 33445882875/512]]]
[7, 190, 1, 1, 0, [[-8455/16, 3005325/64]]]
[7, 190, -1, 2, 1, [[1729, 53067], [10380745/64, 33445882875/512]]]
[7, 190, 1, 1, 1, [[-8455/16, 3005325/64]]]
[7, -190, 1, 2, 0, [[1729, 53067], [10380745/64, 33445882875/512]]]
[7, -190, -1, 1, 0, [[-8455/16, 3005325/64]]]
[7, -190, -1, 1, 1, [[-8455/16, 3005325/64]]]
[7, 194, -1, 2, 0, [[5033, 353535], [124257/4, 43798895/8]]]
[7, 194, 1, 1, 0, [[-3842558/4489, 13030938096/300763]]]
[7, 194, -1, 2, 1, [[124257/4, 43798895/8], [5033, -353535]]]
[7, 194, 1, 1, 1, [[-3842558/4489, 13030938096/300763]]]
[7, -194, 1, 2, 0, [[5033, 353535], [38606/25, 4290504/125]]]
[7, -194, -1, 1, 0, [[-3842558/4489, 13030938096/300763]]]
[7, -194, -1, 1, 1, [[-3842558/4489, 13030938096/300763]]]
[7, 202, -1, 0, 0, []]
[7, -202, 1, 0, 0, []]
[7, 206, -1, 2, 0, [[2678, 127308], [1235887401/146689, 43338804246073/56181887]]]
[7, 206, 1, 1, 0, [[-485954/361, 162190392/6859]]]
[7, 206, -1, 2, 1, [[2678, 127308], [1235887401/146689, 43338804246073/56181887]]]
[7, 206, 1, 1, 1, [[-485954/361, 162190392/6859]]]
[7, -206, 1, 2, 0, [[2678, 127308], [1235887401/146689, 43338804246073/56181887]]]
[7, -206, -1, 1, 0, [[254513/4, 128400727/8]]]
[7, -206, -1, 1, 1, [[254513/4, 128400727/8]]]
[7, 210, 1, 0, 0, []]
[7, -210, -1, 0, 0, []]
[7, 214, -1, 0, 0, []]
[7, -214, 1, 0, 0, []]
[7, 218, -1, 2, 0, [[3878, 234024], [2064678, 2966733224]]]
[7, 218, 1, 1, 0, [[-1090, 47524]]]
[7, 218, -1, 2, 1, [[3878, 234024], [2064678, 2966733224]]]
[7, -218, 1, 2, 0, [[3878, 234024], [2064678, 2966733224]]]
[7, -218, -1, 1, 0, [[-1090, 47524]]]
[7, -218, -1, 1, 1, [[-1090, 47524]]]
[7, -218, 1, 2, 1, [[3878, 234024], [2064678, 2966733224]]]
[7, 222, 1, 0, 0, []]
[7, -222, -1, 0, 0, []]
[7, 226, -1, 0, 0, []]
[7, -226, 1, 0, 0, []]
[7, 230, -1, 0, 0, []]
[7, -230, 1, 0, 0, []]
[7, 238, -1, 0, 0, []]
[7, -238, 1, 0, 0, []]
[7, 246, 1, 0, 0, []]
[7, -246, -1, 0, 0, []]
[7, 254, -1, 0, 0, []]
[7, -254, 1, 0, 0, []]
[7, 258, 1, 2, 0, [[-1050, 68796], [1566705/676, 2380178871/17576]]]
[7, 258, -1, 1, 0, [[118078, 40574456]]]
[7, 258, -1, 1, 1, [[118078, 40574456]]]
[7, -258, -1, 2, 0, [[-1050, 68796], [1566705/676, 2380178871/17576]]]
[7, -258, 1, 1, 0, [[1277745/676, 516153897/17576]]]
[7, -258, -1, 2, 1, [[-1050, 68796], [1566705/676, 2380178871/17576]]]
[7, -258, 1, 1, 1, [[1277745/676, 516153897/17576]]]
[7, 262, -1, 2, 0, [[1140202, 1217510448], [16577134/7225, 47210948652/614125]]]
[7, 262, 1, 1, 0, [[82838, 23842224]]]
[7, 262, -1, 2, 1, [[1140202, 1217510448], [16577134/7225, 47210948652/614125]]]
[7, 262, 1, 1, 1, [[82838, 23842224]]]
[7, -262, 1, 2, 0, [[1140202, 1217510448], [16577134/7225, 47210948652/614125]]]
[7, -262, -1, 1, 0, [[82838, 23842224]]]
[7, -262, -1, 1, 1, [[82838, 23842224]]]
[7, 266, -1, 2, 0, [[2793, 123823], [25578, 4089932]]]
[7, 266, 1, 1, 0, [[57722, 13868176]]]
[7, 266, -1, 2, 1, [[2793, 123823], [25578, 4089932]]]
[7, 266, 1, 1, 1, [[57722, 13868176]]]
[7, -266, 1, 2, 0, [[2793, 123823], [25578, 4089932]]]
[7, -266, -1, 1, 0, [[57722, 13868176]]]
[7, -266, -1, 1, 1, [[57722, 13868176]]]
[7, 274, -1, 0, 0, []]
[7, -274, 1, 0, 0, []]
[7, 278, -1, 0, 0, []]
[7, -278, 1, 0, 0, []]
[7, 282, 1, 0, 0, []]
[7, -282, -1, 0, 0, []]
[7, 286, -1, 0, 0, []]
[7, -286, 1, 0, 0, []]
[7, 290, -1, 0, 0, []]
[7, -290, 1, 0, 0, []]
[7, 298, -1, 0, 0, []]
[7, -298, 1, 0, 0, []]
[7, 302, -1, 0, 0, []]
[7, -302, 1, 0, 0, []]
[7, 310, -1, 0, 0, []]
[7, -310, 1, 0, 0, []]
[7, 314, -1, 0, 0, []]
[7, -314, 1, 0, 0, []]
[7, 318, 1, 0, 0, []]
[7, -318, -1, 0, 0, []]
[7, 322, -1, 0, 0, []]
[7, -322, 1, 0, 0, []]
[7, 326, -1, 0, 0, []]
[7, -326, 1, 0, 0, []]
[7, 330, 1, 0, 0, []]
[7, -330, -1, 0, 0, []]
[7, 334, -1, 2, 0, [[23506, 3602088], [180649/9, 76720231/27]]]
[7, 334, 1, 1, 0, [[38483338371086/8779369, 238731160449553189152/26013270347]]]
[7, 334, -1, 2, 1, [[23506, 3602088], [180649/9, 76720231/27]]]
[7, 334, 1, 1, 1, [[38483338371086/8779369, 238731160449553189152/26013270347]]]
[7, -334, 1, 2, 0, [[23506, 3602088], [180649/9, 76720231/27]]]
[7, -334, -1, 1, 0, [[38483338371086/8779369, 238731160449553189152/26013270347]]]
[7, -334, -1, 1, 1, [[38483338371086/8779369, 238731160449553189152/26013270347]]]
[7, 346, -1, 0, 0, []]
[7, -346, 1, 0, 0, []]
[7, 354, 1, 2, 0, [[-1722, 100548], [240289/81, 148190651/729]]]
[7, 354, -1, 1, 0, [[32999041295598/11293525441, 118390424362652680560/1200174242140511]]]
[7, 354, -1, 1, 1, [[32999041295598/11293525441, 118390424362652680560/1200174242140511]]]
[7, -354, -1, 2, 0, [[-1722, 100548], [240289/81, 148190651/729]]]
[7, -354, 1, 1, 0, [[32999041295598/11293525441, 118390424362652680560/1200174242140511]]]
[7, -354, -1, 2, 1, [[-1722, 100548], [240289/81, 148190651/729]]]
[7, -354, 1, 1, 1, [[32999041295598/11293525441, 118390424362652680560/1200174242140511]]]
[7, 358, -1, 0, 0, []]
[7, -358, 1, 0, 0, []]
[7, 362, -1, 2, 0, [[7133210/2809, 1521813972/148877], [10239894/841, 32619472480/24389]]]
[7, 362, 1, 1, 0, [[-11759844215/36893476, 28556280693299877/224090973224]]]
[7, 362, -1, 2, 1, [[7133210/2809, 1521813972/148877], [10239894/841, 32619472480/24389]]]
[7, 362, 1, 1, 1, [[-11759844215/36893476, 28556280693299877/224090973224]]]
[7, -362, 1, 2, 0, [[7133210/2809, 1521813972/148877], [10239894/841, 32619472480/24389]]]
[7, -362, -1, 1, 0, [[132490653722/21501769, 49874444376710072/99703702853]]]
[7, -362, -1, 1, 1, [[132490653722/21501769, 49874444376710072/99703702853]]]
[7, 366, 1, 0, 0, []]
[7, -366, -1, 0, 0, []]
[7, 370, -1, 2, 0, [[6734, 536648], [372190/121, 144148200/1331]]]
[7, 370, 1, 1, 0, [[1110, 136900]]]
[7, 370, -1, 2, 1, [[6734, 536648], [372190/121, 144148200/1331]]]
[7, -370, 1, 2, 0, [[6734, 536648], [372190/121, 144148200/1331]]]
[7, -370, -1, 1, 0, [[1110, 136900]]]
[7, -370, -1, 1, 1, [[1110, 136900]]]
[7, -370, 1, 2, 1, [[6734, 536648], [372190/121, 144148200/1331]]]
[7, 374, -1, 0, 0, []]
[7, -374, 1, 0, 0, []]
[7, 382, -1, 0, 0, []]
[7, -382, 1, 0, 0, []]
[7, 386, -1, 2, 0, [[3474, 148996], [274570142/96721, 1688288855400/30080231]]]
[7, 386, 1, 1, 0, [[6706, 566832]]]
[7, 386, -1, 2, 1, [[3474, 148996], [274570142/96721, 1688288855400/30080231]]]
[7, 386, 1, 1, 1, [[6706, 566832]]]
[7, -386, 1, 2, 0, [[3474, 148996], [274570142/96721, 1688288855400/30080231]]]
[7, -386, -1, 1, 0, [[6706, 566832]]]
[7, -386, -1, 1, 1, [[6706, 566832]]]
[7, 390, 1, 0, 0, []]
[7, -390, -1, 0, 0, []]
[7, 394, -1, 0, 0, []]
[7, -394, 1, 0, 0, []]
[7, 398, -1, 0, 0, []]
[7, -398, 1, 0, 0, []]
[7, 402, 1, 0, 0, []]
[7, -402, -1, 0, 0, []]
[7, 406, -1, 0, 0, []]
[7, -406, 1, 0, 0, []]
[7, 410, -1, 0, 0, []]
[7, -410, 1, 0, 0, []]
[7, 418, -1, 0, 0, []]
[7, -418, 1, 0, 0, []]
[7, 422, -1, 0, 0, []]
[7, -422, 1, 0, 0, []]
[7, 426, 1, 0, 0, []]
[7, -426, -1, 0, 0, []]
[7, 430, -1, 0, 0, []]
[7, -430, 1, 0, 0, []]
[7, 434, -1, 0, 0, []]
[7, -434, 1, 0, 0, []]
[7, 438, 1, 0, 0, []]
[7, -438, -1, 0, 0, []]
[7, 442, -1, 2, 0, [[3770, 154804], [56329/16, 7577115/64]]]
[7, 442, 1, 1, 0, [[1523249/4, 1879994025/8]]]
[7, 442, -1, 2, 1, [[3770, 154804], [56329/16, 7577115/64]]]
[7, 442, 1, 1, 1, [[1523249/4, 1879994025/8]]]
[7, -442, 1, 2, 0, [[3770, 154804], [56329/16, 7577115/64]]]
[7, -442, -1, 1, 0, [[1523249/4, 1879994025/8]]]
[7, -442, -1, 1, 1, [[1523249/4, 1879994025/8]]]
[7, 446, -1, 0, 0, []]
[7, -446, 1, 0, 0, []]
[7, 454, -1, 0, 0, []]
[7, -454, 1, 0, 0, []]
[7, 458, -1, 2, 0, [[36281, 6908265], [208959065/21316, 2967289397667/3112136]]]
[7, 458, 1, 1, 0, [[496772906/37249, 11148916744840/7189057]]]
[7, 458, -1, 2, 1, [[36281, 6908265], [208959065/21316, 2967289397667/3112136]]]
[7, 458, 1, 1, 1, [[496772906/37249, 11148916744840/7189057]]]
[7, -458, 1, 2, 0, [[36281, 6908265], [230424838/29241, 3377966877656/5000211]]]
[7, -458, -1, 1, 0, [[-128966159/96100, 5205824834889/29791000]]]
[7, -458, -1, 1, 1, [[-128966159/96100, 5205824834889/29791000]]]
[7, 462, 1, 0, 0, []]
[7, -462, -1, 0, 0, []]
[7, 466, -1, 0, 0, []]
[7, -466, 1, 0, 0, []]
[7, 470, -1, 0, 0, []]
[7, -470, 1, 0, 0, []]
[7, 474, 1, 2, 0, [[553/4, 1529045/8], [4874142/1681, 17009096580/68921]]]
[7, 474, -1, 1, 0, [[3306761760591366/121623075025, 189980637874784110599336/42415439299593625]]]
[7, 474, -1, 1, 1, [[3306761760591366/121623075025, 189980637874784110599336/42415439299593625]]]
[7, -474, -1, 2, 0, [[553/4, 1529045/8], [4874142/1681, 17009096580/68921]]]
[7, -474, 1, 1, 0, [[3306761760591366/121623075025, 189980637874784110599336/42415439299593625]]]
[7, -474, -1, 2, 1, [[553/4, 1529045/8], [4874142/1681, 17009096580/68921]]]
[7, -474, 1, 1, 1, [[3306761760591366/121623075025, 189980637874784110599336/42415439299593625]]]
[7, 478, -1, 0, 0, []]
[7, -478, 1, 0, 0, []]
[7, 482, -1, 2, 0, [[4097, 174243], [850722191417/50993881, 781408021116395673/364147304221]]]
[7, 482, 1, 1, 0, [[35708729/1600, 213752193683/64000]]]
[7, 482, -1, 2, 1, [[4097, 174243], [850722191417/50993881, 781408021116395673/364147304221]]]
[7, 482, 1, 1, 1, [[35708729/1600, 213752193683/64000]]]
[7, -482, 1, 2, 0, [[4097, 174243], [850722191417/50993881, 781408021116395673/364147304221]]]
[7, -482, -1, 1, 0, [[35708729/1600, 213752193683/64000]]]
[7, -482, -1, 1, 1, [[35708729/1600, 213752193683/64000]]]
[7, 494, -1, 0, 0, []]
[7, -494, 1, 0, 0, []]
[7, 498, 1, 2, 0, [[-95478047/27889, 220326029371/4657463], [-7055/4, 1536247/8]]]
[7, 498, -1, 1, 0, [[6808041853311342/1478176934809, 422758985606929993315392/1797171951871586627]]]
[7, 498, -1, 1, 1, [[6808041853311342/1478176934809, 422758985606929993315392/1797171951871586627]]]
[7, -498, -1, 2, 0, [[-95478047/27889, 220326029371/4657463], [-7055/4, 1536247/8]]]
[7, -498, 1, 1, 0, [[6808041853311342/1478176934809, 422758985606929993315392/1797171951871586627]]]
[7, -498, -1, 2, 1, [[-7055/4, 1536247/8], [-95478047/27889, -220326029371/4657463]]]
[7, -498, 1, 1, 1, [[6808041853311342/1478176934809, 422758985606929993315392/1797171951871586627]]]
[7, 502, -1, 2, 0, [[2388106/529, 2682532440/12167], [548564590/66049, 12352046645988/16974593]]]
[7, 502, 1, 1, 0, [[54075070742/5139289, 12806702151738768/11650768163]]]
[7, 502, -1, 2, 1, [[2388106/529, 2682532440/12167], [548564590/66049, 12352046645988/16974593]]]
[7, 502, 1, 1, 1, [[54075070742/5139289, 12806702151738768/11650768163]]]
[7, -502, 1, 2, 0, [[2388106/529, 2682532440/12167], [548564590/66049, 12352046645988/16974593]]]
[7, -502, -1, 1, 0, [[54075070742/5139289, 12806702151738768/11650768163]]]
[7, -502, -1, 1, 1, [[54075070742/5139289, 12806702151738768/11650768163]]]
[7, 506, -1, 2, 0, [[62342, 15564360], [1773354/25, 2361381308/125]]]
[7, 506, 1, 1, 0, [[5866, 496272]]]
[7, 506, -1, 2, 1, [[62342, 15564360], [1773354/25, 2361381308/125]]]
[7, 506, 1, 1, 1, [[5866, 496272]]]
[7, -506, 1, 2, 0, [[62342, 15564360], [1773354/25, 2361381308/125]]]
[7, -506, -1, 1, 0, [[5866, 496272]]]
[7, -506, -1, 1, 1, [[5866, 496272]]]
[7, 510, 1, 0, 0, []]
[7, -510, -1, 0, 0, []]
[7, 514, -1, 0, 0, []]
[7, -514, 1, 0, 0, []]
[7, 518, -1, 0, 0, []]
[7, -518, 1, 0, 0, []]
[7, 526, -1, 0, 0, []]
[7, -526, 1, 0, 0, []]
[7, 530, -1, 0, 0, []]
[7, -530, 1, 0, 0, []]
[7, 534, 1, 0, 0, []]
[7, -534, -1, 0, 0, []]
[7, 538, -1, 0, 0, []]
[7, -538, 1, 0, 0, []]
[7, 542, -1, 0, 0, []]
[7, -542, 1, 0, 0, []]
[7, 546, 1, 2, 0, [[-1274, 231868], [17346, 2296728]]]
[7, 546, -1, 1, 0, [[991662/121, 936101880/1331]]]
[7, 546, -1, 1, 1, [[991662/121, 936101880/1331]]]
[7, -546, -1, 2, 0, [[-1274, 231868], [17346, 2296728]]]
[7, -546, 1, 1, 0, [[991662/121, 936101880/1331]]]
[7, -546, -1, 2, 1, [[-1274, 231868], [17346, 2296728]]]
[7, -546, 1, 1, 1, [[991662/121, 936101880/1331]]]
[7, 554, -1, 2, 0, [[35698929/625, 213262654283/15625], [1112051402/9409, 37083406528140/912673]]]
[7, 554, 1, 1, 0, [[-1526, 234024]]]
[7, 554, -1, 2, 1, [[35698929/625, 213262654283/15625], [1112051402/9409, 37083406528140/912673]]]
[7, 554, 1, 1, 1, [[-1526, 234024]]]
[7, -554, 1, 2, 0, [[81092858/17161, 488387757900/2248091], [197504601/46225, 1394221098151/9938375]]]
[7, -554, -1, 1, 0, [[-1526, 234024]]]
[7, -554, -1, 1, 1, [[-1526, 234024]]]
[7, 562, -1, 0, 0, []]
[7, -562, 1, 0, 0, []]
[7, 566, -1, 0, 0, []]
[7, -566, 1, 0, 0, []]
[7, 570, 1, 2, 0, [[-3815, 89425], [99465/4, 31434075/8]]]
[7, 570, -1, 1, 0, [[1622557174/288369, 52425821298032/154854153]]]
[7, 570, -1, 1, 1, [[1622557174/288369, 52425821298032/154854153]]]
[7, -570, -1, 2, 0, [[-3815, 89425], [99465/4, 31434075/8]]]
[7, -570, 1, 1, 0, [[1622557174/288369, 52425821298032/154854153]]]
[7, -570, -1, 2, 1, [[-3815, 89425], [99465/4, 31434075/8]]]
[7, -570, 1, 1, 1, [[1622557174/288369, 52425821298032/154854153]]]
[7, 574, -1, 0, 0, []]
[7, -574, 1, 0, 0, []]
[7, 582, 1, 2, 0, [[-1455, 254043], [-1995063/529, 1438403967/12167]]]
[7, 582, -1, 1, 0, [[22569624881475450/1761112130761, 3335769364068256971479184/2337117314256869509]]]
[7, 582, -1, 1, 1, [[22569624881475450/1761112130761, 3335769364068256971479184/2337117314256869509]]]
[7, -582, -1, 2, 0, [[-1455, 254043], [-1995063/529, 1438403967/12167]]]
[7, -582, 1, 1, 0, [[22569624881475450/1761112130761, 3335769364068256971479184/2337117314256869509]]]
[7, -582, -1, 2, 1, [[-1455, 254043], [-1995063/529, 1438403967/12167]]]
[7, -582, 1, 1, 1, [[22569624881475450/1761112130761, 3335769364068256971479184/2337117314256869509]]]
[7, 586, -1, 0, 0, []]
[7, -586, 1, 0, 0, []]
[7, 590, -1, 0, 0, []]
[7, -590, 1, 0, 0, []]
[7, 598, -1, 0, 0, []]
[7, -598, 1, 0, 0, []]
[7, 602, -1, 0, 0, []]
[7, -602, 1, 0, 0, []]
[7, 606, 1, 0, 0, []]
[7, -606, -1, 0, 0, []]
[7, 610, -1, 0, 0, []]
[7, -610, 1, 0, 0, []]
[7, 614, -1, 0, 0, []]
[7, -614, 1, 0, 0, []]
[7, 618, 1, 2, 0, [[-3015222/1849, 22007988576/79507], [169950/169, 629028828/2197]]]
[7, 618, -1, 1, 0, [[216171331782/40998409, 67250591862991992/262512812827]]]
[7, 618, -1, 1, 1, [[216171331782/40998409, 67250591862991992/262512812827]]]
[7, -618, -1, 2, 0, [[502537/81, 412233913/729], [1056265/64, 1095304987/512]]]
[7, -618, 1, 1, 0, [[216171331782/40998409, 67250591862991992/262512812827]]]
[7, -618, -1, 2, 1, [[502537/81, 412233913/729], [1056265/64, 1095304987/512]]]
[7, -618, 1, 1, 1, [[216171331782/40998409, 67250591862991992/262512812827]]]
[7, 622, -1, 2, 0, [[31859590/6889, 73163116572/571787], [595046578/37249, 14367618569304/7189057]]]
[7, 622, 1, 1, 0, [[1063118/121, 1160940144/1331]]]
[7, 622, -1, 2, 1, [[31859590/6889, 73163116572/571787], [595046578/37249, 14367618569304/7189057]]]
[7, 622, 1, 1, 1, [[1063118/121, 1160940144/1331]]]
[7, -622, 1, 2, 0, [[31859590/6889, 73163116572/571787], [595046578/37249, 14367618569304/7189057]]]
[7, -622, -1, 1, 0, [[1063118/121, 1160940144/1331]]]
[7, -622, -1, 1, 1, [[1063118/121, 1160940144/1331]]]
[7, 626, -1, 0, 0, []]
[7, -626, 1, 0, 0, []]
[7, 634, -1, 0, 0, []]
[7, -634, 1, 0, 0, []]
[7, 638, -1, 0, 0, []]
[7, -638, 1, 0, 0, []]
[7, 642, 1, 0, 0, []]
[7, -642, -1, 0, 0, []]
[7, 646, -1, 2, 0, [[19418, 2688728], [780691646/54289, 21471378515132/12649337]]]
[7, 646, 1, 1, 0, [[-53466/25, 35944048/125]]]
[7, 646, -1, 2, 1, [[19418, 2688728], [780691646/54289, 21471378515132/12649337]]]
[7, 646, 1, 1, 1, [[-53466/25, 35944048/125]]]
[7, -646, 1, 2, 0, [[34561/4, 5946753/8], [37402393/3481, 220052981967/205379]]]
[7, -646, -1, 1, 0, [[339473/16, 198746745/64]]]
[7, -646, -1, 1, 1, [[339473/16, 198746745/64]]]
[7, 654, 1, 2, 0, [[44254, 9314704], [-3129063/31684, 1746913936131/5639752]]]
[7, 654, -1, 1, 0, []]
[7, 654, -1, 1, 1, [[271846/25, -136346356/125]]]
[7, 654, 1, 2, 1, [[44254, 9314704], [-3129063/31684, 1746913936131/5639752]]]
[7, -654, -1, 2, 0, [[44254, 9314704], [-3129063/31684, 1746913936131/5639752]]]
[7, -654, 1, 1, 0, []]
[7, -654, -1, 2, 1, [[44254, 9314704], [-3129063/31684, 1746913936131/5639752]]]
[7, 658, -1, 0, 0, []]
[7, -658, 1, 0, 0, []]
[7, 662, -1, 2, 0, [[1290569/25, 1465597497/125], [25404250/1089, 127541274832/35937]]]
[7, 662, 1, 1, 0, [[3249191990/69169, 185298295649944/18191447]]]
[7, 662, -1, 2, 1, [[1290569/25, 1465597497/125], [25404250/1089, 127541274832/35937]]]
[7, 662, 1, 1, 1, [[3249191990/69169, 185298295649944/18191447]]]
[7, -662, 1, 2, 0, [[1014846/169, 751588460/2197], [124239857/15376, 1247384524617/1906624]]]
[7, -662, -1, 1, 0, [[-9128467943/2696164, 1090715196120963/4427101288]]]
[7, -662, -1, 1, 1, [[-9128467943/2696164, 1090715196120963/4427101288]]]
[7, 670, -1, 0, 0, []]
[7, -670, 1, 0, 0, []]
[7, 674, -1, 0, 0, []]
[7, -674, 1, 0, 0, []]
[7, 678, 1, 0, 0, []]
[7, -678, -1, 0, 0, []]
[7, 682, -1, 0, 0, []]
[7, -682, 1, 0, 0, []]
[7, 690, 1, 0, 0, []]
[7, -690, -1, 0, 0, []]
[7, 694, -1, 0, 0, []]
[7, -694, 1, 0, 0, []]
[7, 698, -1, 0, 0, []]
[7, -698, 1, 0, 0, []]
[7, 706, -1, 0, 0, []]
[7, -706, 1, 0, 0, []]
[7, 710, -1, 0, 0, []]
[7, -710, 1, 0, 0, []]
[7, 714, 1, 0, 0, []]
[7, -714, -1, 0, 0, []]
[7, 718, -1, 0, 0, []]
[7, -718, 1, 0, 0, []]
[7, 730, -1, 0, 0, []]
[7, -730, 1, 0, 0, []]
[7, 734, -1, 0, 0, []]
[7, -734, 1, 0, 0, []]
[7, 742, -1, 0, 0, []]
[7, -742, 1, 0, 0, []]
[7, 746, -1, 0, 0, []]
[7, -746, 1, 0, 0, []]
[7, 754, -1, 2, 0, [[48178/9, 2154412/27], [1283737/81, 1427387689/729]]]
[7, 754, 1, 1, 0, [[44226/25, 48824776/125]]]
[7, 754, -1, 2, 1, [[48178/9, 2154412/27], [1283737/81, 1427387689/729]]]
[7, 754, 1, 1, 1, [[44226/25, 48824776/125]]]
[7, -754, 1, 2, 0, [[48178/9, 2154412/27], [1283737/81, 1427387689/729]]]
[7, -754, -1, 1, 0, [[44226/25, 48824776/125]]]
[7, -754, -1, 1, 1, [[44226/25, 48824776/125]]]
[7, 758, -1, 2, 0, [[11370, 1149128], [140609/25, 21115227/125]]]
[7, 758, 1, 1, 0, [[3626282233/4072324, 3183745333162611/8217949832]]]
[7, 758, -1, 2, 1, [[11370, 1149128], [140609/25, 21115227/125]]]
[7, 758, 1, 1, 1, [[3626282233/4072324, 3183745333162611/8217949832]]]
[7, -758, 1, 2, 0, [[11370, 1149128], [140609/25, 21115227/125]]]
[7, -758, -1, 1, 0, [[3626282233/4072324, 3183745333162611/8217949832]]]
[7, -758, -1, 1, 1, [[3626282233/4072324, 3183745333162611/8217949832]]]
[7, 762, 1, 0, 0, []]
[7, -762, -1, 0, 0, []]
[7, 766, -1, 2, 0, [[240562, 117988080], [14515668454/429025, 1745378097305892/281011375]]]
[7, 766, 1, 1, 0, [[3390926, 6244209552]]]
[7, 766, -1, 2, 1, [[240562, 117988080], [14515668454/429025, 1745378097305892/281011375]]]
[7, 766, 1, 1, 1, [[3390926, 6244209552]]]
[7, -766, 1, 2, 0, [[240562, 117988080], [14515668454/429025, 1745378097305892/281011375]]]
[7, -766, -1, 1, 0, [[3390926, 6244209552]]]
[7, -766, -1, 1, 1, [[3390926, 6244209552]]]
[7, 770, -1, 2, 0, [[5586, 133084], [64190, 16258200]]]
[7, 770, 1, 1, 0, [[-339031/64, 45611797/512]]]
[7, 770, -1, 2, 1, [[64190, 16258200], [5586, -133084]]]
[7, 770, 1, 1, 1, [[-339031/64, 45611797/512]]]
[7, -770, 1, 2, 0, [[5586, 133084], [64190, 16258200]]]
[7, -770, -1, 1, 0, [[-339031/64, 45611797/512]]]
[7, -770, -1, 1, 1, [[-339031/64, 45611797/512]]]
[7, 778, -1, 0, 0, []]
[7, -778, 1, 0, 0, []]
[7, 782, -1, 0, 0, []]
[7, -782, 1, 0, 0, []]
[7, 786, 1, 2, 0, [[7441, 760627], [32762496102/5331481, 7772231079888156/12310389629]]]
[7, 786, -1, 1, 0, [[2900357916078/35010889, 4938712742937158640/207159430213]]]
[7, 786, -1, 1, 1, [[2900357916078/35010889, 4938712742937158640/207159430213]]]
[7, -786, -1, 2, 0, [[7441, 760627], [32762496102/5331481, 7772231079888156/12310389629]]]
[7, -786, 1, 1, 0, [[2900357916078/35010889, 4938712742937158640/207159430213]]]
[7, -786, -1, 2, 1, [[7441, 760627], [32762496102/5331481, 7772231079888156/12310389629]]]
[7, -786, 1, 1, 1, [[2900357916078/35010889, 4938712742937158640/207159430213]]]
[7, 790, -1, 0, 0, []]
[7, -790, 1, 0, 0, []]
[7, 794, -1, 0, 0, []]
[7, -794, 1, 0, 0, []]
[7, 798, 1, 2, 0, [[9310, 990584], [-4655/9, 11267893/27]]]
[7, 798, -1, 1, 0, [[55478290/961, 413035885808/29791]]]
[7, 798, -1, 1, 1, [[55478290/961, 413035885808/29791]]]
[7, -798, -1, 2, 0, [[9310, 990584], [-4655/9, 11267893/27]]]
[7, -798, 1, 1, 0, [[99321873/13456, 745066888839/1560896]]]
[7, -798, -1, 2, 1, [[9310, 990584], [-4655/9, 11267893/27]]]
[7, -798, 1, 1, 1, [[99321873/13456, 745066888839/1560896]]]
[7, 802, -1, 0, 0, []]
[7, -802, 1, 0, 0, []]
[7, 806, -1, 0, 0, []]
[7, -806, 1, 0, 0, []]
[7, 814, -1, 0, 0, []]
[7, -814, 1, 0, 0, []]
[7, 818, -1, 2, 0, [[25358, 4014744], [6560729/529, 15956267145/12167]]]
[7, 818, 1, 1, 0, [[-3111567334855/634838416, 4231749168788177939/15995388729536]]]
[7, 818, -1, 2, 1, [[25358, 4014744], [6560729/529, 15956267145/12167]]]
[7, 818, 1, 1, 1, [[-3111567334855/634838416, 4231749168788177939/15995388729536]]]
[7, -818, 1, 2, 0, [[25358, 4014744], [6560729/529, 15956267145/12167]]]
[7, -818, -1, 1, 0, [[2966210535682/26122321, 5108940000085622352/133511182631]]]
[7, -818, -1, 1, 1, [[2966210535682/26122321, 5108940000085622352/133511182631]]]
[7, 822, 1, 0, 0, []]
[7, -822, -1, 0, 0, []]
[7, 826, -1, 2, 0, [[9457, 807765], [168266/25, 41759564/125]]]
[7, 826, 1, 1, 0, [[27692096474/851929, 4621175864412576/786330467]]]
[7, 826, -1, 2, 1, [[9457, 807765], [168266/25, 41759564/125]]]
[7, 826, 1, 1, 1, [[27692096474/851929, 4621175864412576/786330467]]]
[7, -826, 1, 2, 0, [[9457, 807765], [168266/25, 41759564/125]]]
[7, -826, -1, 1, 0, [[27692096474/851929, 4621175864412576/786330467]]]
[7, -826, -1, 1, 1, [[27692096474/851929, 4621175864412576/786330467]]]
[7, 830, -1, 0, 0, []]
[7, -830, 1, 0, 0, []]
[7, 834, 1, 0, 0, []]
[7, -834, -1, 0, 0, []]
[7, 838, -1, 0, 0, []]
[7, -838, 1, 0, 0, []]
[7, 842, -1, 2, 0, [[465626/25, 312653124/125], [10752692377/962361, 1029921485725223/944076141]]]
[7, 842, 1, 1, 0, [[52906, 12177480]]]
[7, 842, -1, 2, 1, [[465626/25, 312653124/125], [10752692377/962361, 1029921485725223/944076141]]]
[7, 842, 1, 1, 1, [[52906, 12177480]]]
[7, -842, 1, 2, 0, [[465626/25, 312653124/125], [10752692377/962361, 1029921485725223/944076141]]]
[7, -842, -1, 1, 0, [[52906, 12177480]]]
[7, -842, -1, 1, 1, [[52906, 12177480]]]
[7, 854, -1, 0, 0, []]
[7, -854, 1, 0, 0, []]
[7, 858, 1, 0, 0, []]
[7, -858, -1, 0, 0, []]
[7, 862, -1, 0, 0, []]
[7, -862, 1, 0, 0, []]
[7, 866, -1, 0, 0, []]
[7, -866, 1, 0, 0, []]
[7, 870, 1, 0, 0, []]
[7, -870, -1, 0, 0, []]
[7, 874, -1, 0, 0, []]
[7, -874, 1, 0, 0, []]
[7, 878, -1, 0, 0, []]
[7, -878, 1, 0, 0, []]
[7, 886, -1, 0, 0, []]
[7, -886, 1, 0, 0, []]
[7, 890, -1, 0, 0, []]
[7, -890, 1, 0, 0, []]
[7, 894, 1, 0, 0, []]
[7, -894, -1, 0, 0, []]
[7, 898, -1, 0, 0, []]
[7, -898, 1, 0, 0, []]
[7, 902, -1, 0, 0, []]
[7, -902, 1, 0, 0, []]
[7, 906, 1, 0, 0, []]
[7, -906, -1, 0, 0, []]
[7, 910, -1, 0, 0, []]
[7, -910, 1, 0, 0, []]
[7, 914, -1, 0, 0, []]
[7, -914, 1, 0, 0, []]
[7, 922, -1, 0, 0, []]
[7, -922, 1, 0, 0, []]
[7, 926, -1, 0, 0, []]
[7, -926, 1, 0, 0, []]
[7, 930, 1, 0, 0, []]
[7, -930, -1, 0, 0, []]
[7, 934, -1, 0, 0, []]
[7, -934, 1, 0, 0, []]
[7, 938, -1, 0, 0, []]
[7, -938, 1, 0, 0, []]
[7, 942, 1, 0, 0, []]
[7, -942, -1, 0, 0, []]
[7, 946, -1, 0, 0, []]
[7, -946, 1, 0, 0, []]
[7, 958, -1, 0, 0, []]
[7, -958, 1, 0, 0, []]
[7, 962, -1, 2, 0, [[9842, 804972], [2661217230/38809, 137219155397128/7645373]]]
[7, 962, 1, 1, 0, [[-2590, 536648]]]
[7, 962, -1, 2, 1, [[9842, 804972], [2661217230/38809, 137219155397128/7645373]]]
[7, 962, 1, 1, 1, [[-2590, 536648]]]
[7, -962, 1, 2, 0, [[9842, 804972], [2661217230/38809, 137219155397128/7645373]]]
[7, -962, -1, 1, 0, [[-2590, 536648]]]
[7, -962, -1, 1, 1, [[-2590, 536648]]]
[7, 966, 1, 0, 0, []]
[7, -966, -1, 0, 0, []]
[7, 970, -1, 0, 0, []]
[7, -970, 1, 0, 0, []]
[7, 974, -1, 0, 0, []]
[7, -974, 1, 0, 0, []]
[7, 978, 1, 0, 0, []]
[7, -978, -1, 0, 0, []]
[7, 982, -1, 0, 0, []]
[7, -982, 1, 0, 0, []]
[7, 986, -1, 0, 0, []]
[7, -986, 1, 0, 0, []]
[7, 994, -1, 0, 0, []]
[7, -994, 1, 0, 0, []]
[7, 998, -1, 0, 0, []]
[7, -998, 1, 0, 0, []]
[7, 1002, 1, 2, 0, [[-210, 587412], [-4819031/729, 4665992905/19683]]]
[7, 1002, -1, 1, 0, []]
[7, 1002, -1, 1, 1, [[386630145157977927338222472848011967065/54858865959891204181814508231076416, 908676442016378128347795468893173159158536658713951067299/12849026903997060957474190034286596548005602419201536]]]
[7, -1002, -1, 2, 0, [[-210, 587412], [-4819031/729, 4665992905/19683]]]
[7, -1002, 1, 1, 0, []]
[7, -1002, -1, 2, 1, [[-210, 587412], [-4819031/729, 4665992905/19683]]]
[7, -1002, 1, 1, 1, [[386630145157977927338222472848011967065/54858865959891204181814508231076416, 908676442016378128347795468893173159158536658713951067299/12849026903997060957474190034286596548005602419201536]]]
[7, 1006, -1, 2, 0, [[9394, 692664]]]
[7, 1006, 1, 1, 0, [[29272108635854/965158489, 159361096131284861856/29984578777763]]]
[7, 1006, -1, 2, 1, [[9394, 692664]]]
[7, -1006, 1, 2, 0, [[9394, 692664]]]
[7, -1006, -1, 1, 0, [[29272108635854/965158489, 159361096131284861856/29984578777763]]]
[7, -1006, -1, 1, 1, [[29272108635854/965158489, 159361096131284861856/29984578777763]]]
[7, 1010, -1, 0, 0, []]
[7, -1010, 1, 0, 0, []]
[7, 1018, -1, 0, 0, []]
[7, -1018, 1, 0, 0, []]
[7, 1022, -1, 0, 0, []]
[7, -1022, 1, 0, 0, []]
[7, 1030, -1, 0, 0, []]
[7, -1030, 1, 0, 0, []]
[7, 1034, -1, 2, 0, [[7722, 285076], [102190726382822/972628969, 1032871334165721915480/30333379656203]]]
[7, 1034, 1, 1, 0, [[1417051517359786/2104699129, 53343158727232061773008/96557281941133]]]
[7, 1034, -1, 2, 1, [[7722, 285076], [102190726382822/972628969, 1032871334165721915480/30333379656203]]]
[7, 1034, 1, 1, 1, [[1417051517359786/2104699129, 53343158727232061773008/96557281941133]]]
[7, -1034, 1, 2, 0, [[7722, 285076], [102190726382822/972628969, 1032871334165721915480/30333379656203]]]
[7, -1034, -1, 1, 0, [[1417051517359786/2104699129, 53343158727232061773008/96557281941133]]]
[7, -1034, -1, 1, 1, [[1417051517359786/2104699129, 53343158727232061773008/96557281941133]]]
[7, 1038, 1, 0, 0, []]
[7, -1038, -1, 0, 0, []]
[7, 1042, -1, 0, 0, []]
[7, -1042, 1, 0, 0, []]
[7, 1046, -1, 0, 0, []]
[7, -1046, 1, 0, 0, []]
[7, 1054, -1, 0, 0, []]
[7, -1054, 1, 0, 0, []]
[7, 1066, -1, 0, 0, []]
[7, -1066, 1, 0, 0, []]
[7, 1070, -1, 0, 0, []]
[7, -1070, 1, 0, 0, []]
[7, 1074, 1, 0, 0, []]
[7, -1074, -1, 0, 0, []]
[7, 1082, -1, 2, 0, [[12413786/625, 42507817716/15625], [3524254153/363609, 151279056072991/219256227]]]
[7, 1082, 1, 1, 0, [[40591978/3721, 298778583096/226981]]]
[7, 1082, -1, 2, 1, [[12413786/625, 42507817716/15625], [3524254153/363609, 151279056072991/219256227]]]
[7, 1082, 1, 1, 1, [[40591978/3721, 298778583096/226981]]]
[7, -1082, 1, 2, 0, [[12413786/625, 42507817716/15625], [3524254153/363609, 151279056072991/219256227]]]
[7, -1082, -1, 1, 0, [[40591978/3721, 298778583096/226981]]]
[7, -1082, -1, 1, 1, [[40591978/3721, 298778583096/226981]]]
[7, 1086, 1, 2, 0, [[-6279, 437913], [-861698103/148996, 28518567489531/57512456]]]
[7, 1086, -1, 1, 0, []]
