[5, 1, -1, 0, 0, []]
[5, 1, 1, 0, 0, []]
[5, -1, -1, 0, 0, []]
[5, 2, -1, 0, 0, []]
[5, -2, -1, 1, 0, [[-6, 28]]]
[5, -2, 1, 0, 0, []]
[5, 3, -1, 0, 0, []]
[5, -3, -1, 0, 0, []]
[5, 5, -1, 0, 0, []]
[5, -5, -1, 0, 0, []]
[5, 6, -1, 1, 0, [[946/9, 28756/27]]]
[5, 6, 1, 0, 0, []]
[5, -6, -1, 0, 0, []]
[5, 7, -1, 1, 0, [[329/4, 5733/8]]]
[5, 7, 1, 1, 0, [[665, 17150]]]
[5, -7, -1, 1, 0, [[665, 17150]]]
[5, -7, 1, 1, 0, [[329/4, 5733/8]]]
[5, 10, -1, 0, 0, []]
[5, -10, -1, 1, 0, [[25, 375]]]
[5, -10, 1, 0, 0, []]
[5, 11, -1, 1, 0, [[130, 1425]]]
[5, 11, 1, 1, 0, [[-173095/5329, 141393000/389017]]]
[5, -11, -1, 1, 0, [[-173095/5329, 141393000/389017]]]
[5, -11, 1, 1, 0, [[130, 1425]]]
[5, 13, -1, 0, 0, []]
[5, -13, -1, 2, 0, [[-26, 507], [65/4, 4225/8]]]
[5, -13, 1, 0, 0, []]
[5, 14, -1, 0, 0, []]
[5, -14, -1, 1, 0, [[14, 588]]]
[5, -14, 1, 0, 0, []]
[5, 15, -1, 0, 0, []]
[5, -15, -1, 0, 0, []]
[5, 17, -1, 0, 0, []]
[5, -17, -1, 0, 0, []]
[5, 19, -1, 1, 0, [[1026, 32851]]]
[5, 19, 1, 1, 0, [[1121, 37544]]]
[5, -19, -1, 1, 0, [[1121, 37544]]]
[5, -19, 1, 1, 0, [[1026, 32851]]]
[5, 21, -1, 1, 0, [[240205/361, 117494650/6859]]]
[5, 21, 1, 1, 0, [[70, 1225]]]
[5, -21, -1, 1, 0, [[70, 1225]]]
[5, -21, 1, 1, 0, [[189609/1156, 70911477/39304]]]
[5, 22, -1, 2, 0, [[114, 388], [1310, 47400]]]
[5, 22, 1, 1, 0, [[-6919/64, 132979/512]]]
[5, -22, -1, 1, 0, [[-6919/64, 132979/512]]]
[5, -22, 1, 2, 0, [[114, 388], [1310, 47400]]]
[5, 23, -1, 1, 0, [[24715/121, 3521700/1331]]]
[5, 23, 1, 1, 0, [[-157054315/1585081, 1477482415500/1995616979]]]
[5, -23, -1, 1, 0, [[-157054315/1585081, 1477482415500/1995616979]]]
[5, -23, 1, 1, 0, [[24715/121, 3521700/1331]]]
[5, 26, -1, 0, 0, []]
[5, -26, -1, 1, 0, [[-55, 1425]]]
[5, -26, 1, 0, 0, []]
[5, 29, -1, 0, 0, []]
[5, -29, -1, 0, 0, []]
[5, 30, -1, 1, 0, [[250, 3500]]]
[5, 30, 1, 0, 0, []]
[5, -30, -1, 0, 0, []]
[5, 31, -1, 1, 0, [[1052529391/594441, 34135449662314/458314011]]]
[5, 31, 1, 1, 0, [[-31, 1922]]]
[5, -31, -1, 1, 0, [[-31, 1922]]]
[5, -31, 1, 1, 0, [[6184030505/30980356, 354632119425675/172436661496]]]
[5, 33, -1, 1, 0, [[3821067045819885/6386674132969, 233708044753751975883000/16140319842075528203]]]
[5, 33, 1, 1, 0, [[9889/64, 1464463/512]]]
[5, -33, -1, 1, 0, [[9889/64, 1464463/512]]]
[5, -33, 1, 1, 0, [[3821067045819885/6386674132969, 233708044753751975883000/16140319842075528203]]]
[5, 34, -1, 0, 0, []]
[5, -34, -1, 1, 0, [[506, 11596]]]
[5, -34, 1, 0, 0, []]
[5, 35, -1, 1, 0, [[350, 6125]]]
[5, 35, 1, 1, 0, [[525, 12250]]]
[5, -35, -1, 1, 0, [[525, 12250]]]
[5, -35, 1, 1, 0, [[350, 6125]]]
[5, 37, -1, 0, 0, []]
[5, -37, -1, 0, 0, []]
[5, 38, -1, 0, 0, []]
[5, -38, -1, 1, 0, [[114, 2888]]]
[5, -38, 1, 0, 0, []]
[5, 39, -1, 2, 0, [[1599, 63882], [10959/49, 666198/343]]]
[5, 39, 1, 0, 0, []]
[5, -39, -1, 0, 0, []]
[5, 41, -1, 0, 0, []]
[5, -41, -1, 0, 0, []]
[5, 42, -1, 1, 0, [[7014, 587412]]]
[5, 42, 1, 0, 0, []]
[5, -42, -1, 0, 0, []]
[5, 43, -1, 1, 0, [[344, 5547]]]
[5, 43, 1, 1, 0, [[69537665/310249, 795635978900/172808693]]]
[5, -43, -1, 1, 0, [[69537665/310249, 795635978900/172808693]]]
[5, -43, 1, 1, 0, [[344, 5547]]]
[5, 46, -1, 0, 0, []]
[5, -46, -1, 1, 0, [[46757530/51529, 322318378200/11697083]]]
[5, -46, 1, 0, 0, []]
[5, 47, -1, 1, 0, [[23675404054435192315/5476269260449, 115198307747204644516333556700/12815253175954904207]]]
[5, 47, 1, 1, 0, [[751337285/588289, 20658604887900/451217663]]]
[5, -47, -1, 1, 0, [[751337285/588289, 20658604887900/451217663]]]
[5, -47, 1, 1, 0, [[23675404054435192315/5476269260449, 115198307747204644516333556700/12815253175954904207]]]
[5, 51, -1, 0, 0, []]
[5, -51, -1, 0, 0, []]
[5, 53, -1, 0, 0, []]
[5, -53, -1, 0, 0, []]
[5, 55, -1, 1, 0, [[11075, 1165500]]]
[5, 55, 1, 1, 0, [[925, 28500]]]
[5, -55, -1, 1, 0, [[925, 28500]]]
[5, -55, 1, 1, 0, [[11075, 1165500]]]
[5, 57, -1, 1, 0, [[88438065/153664, 779554581975/60236288]]]
[5, 57, 1, 1, 0, [[745579/729, 650712608/19683]]]
[5, -57, -1, 1, 0, [[-4950735/50176, 52943023575/11239424]]]
[5, -57, 1, 1, 0, [[3911701/3481, 7673205176/205379]]]
[5, 58, -1, 0, 0, []]
[5, -58, -1, 1, 0, [[1079622434/9591409, 150924947215252/29704593673]]]
[5, -58, 1, 0, 0, []]
[5, 59, -1, 1, 0, [[2442858730/1329409, 120488944512825/1532808577]]]
[5, 59, 1, 1, 0, [[-24895/121, 5481900/1331]]]
[5, -59, -1, 1, 0, [[-24895/121, 5481900/1331]]]
[5, -59, 1, 1, 0, [[2442858730/1329409, 120488944512825/1532808577]]]
[5, 61, -1, 0, 0, []]
[5, -61, -1, 2, 0, [[-244, 3721], [895, 27300]]]
[5, -61, 1, 0, 0, []]
[5, 62, -1, 0, 0, []]
[5, -62, -1, 1, 0, [[6169/9, 506447/27]]]
[5, -62, 1, 0, 0, []]
[5, 65, -1, 0, 0, []]
[5, -65, -1, 0, 0, []]
[5, 66, -1, 1, 0, [[69569377530/3644281, 18349576889565600/6956932429]]]
[5, 66, 1, 2, 0, [[154, 6292], [1786, 75716]]]
[5, -66, -1, 2, 0, [[154, 6292], [1786, 75716]]]
[5, -66, 1, 1, 0, [[69569377530/3644281, 18349576889565600/6956932429]]]
[5, 67, -1, 1, 0, [[204015/289, 87086600/4913]]]
[5, 67, 1, 1, 0, [[-1154212015/15864289, 385444850780200/63187463087]]]
[5, -67, -1, 1, 0, [[2356657129/2483776, 116895444720117/3914430976]]]
[5, -67, 1, 1, 0, [[79529/64, 22207083/512]]]
[5, 69, -1, 1, 0, []]
[5, 69, 1, 1, 0, [[184, 6877]]]
[5, -69, -1, 1, 0, [[184, 6877]]]
[5, -69, 1, 1, 0, []]
[5, 70, -1, 0, 0, []]
[5, -70, -1, 1, 0, [[-175, 6125]]]
[5, -70, 1, 0, 0, []]
[5, 71, -1, 1, 0, [[25358993962542595/5291071854289, 4037474298350050327885500/12170698084606749337]]]
[5, 71, 1, 1, 0, [[124002728394053405/308620323813649, 56761337206659928328637900/5421716240286393476857]]]
[5, -71, -1, 1, 0, [[124002728394053405/308620323813649, 56761337206659928328637900/5421716240286393476857]]]
[5, -71, 1, 1, 0, [[25358993962542595/5291071854289, 4037474298350050327885500/12170698084606749337]]]
[5, 73, -1, 0, 0, []]
[5, -73, -1, 0, 0, []]
[5, 74, -1, 2, 0, [[1570, 61800], [137270/121, 49968500/1331]]]
[5, 74, 1, 1, 0, [[182030/3481, 1463763000/205379]]]
[5, -74, -1, 1, 0, [[182030/3481, 1463763000/205379]]]
[5, -74, 1, 2, 0, [[1570, 61800], [137270/121, 49968500/1331]]]
[5, 77, -1, 0, 0, []]
[5, -77, -1, 0, 0, []]
[5, 78, -1, 1, 0, [[344865/121, 202263075/1331]]]
[5, 78, 1, 0, 0, []]
[5, -78, -1, 0, 0, []]
[5, 79, -1, 1, 0, [[4165961431/11025, 268888895406046/1157625]]]
[5, 79, 1, 1, 0, [[934649/1225, 964246982/42875]]]
[5, -79, -1, 1, 0, [[934649/1225, 964246982/42875]]]
[5, -79, 1, 1, 0, [[20873355905/52678564, 291747044822625/382341017512]]]
[5, 82, -1, 0, 0, []]
[5, -82, -1, 1, 0, [[206074/9, 93548332/27]]]
[5, -82, 1, 0, 0, []]
[5, 83, -1, 1, 0, [[17699577610/17447329, 2272714610695725/72877493233]]]
[5, 83, 1, 1, 0, [[230925526629785/2391112201, 3509198469700513169100/116922995516699]]]
[5, -83, -1, 1, 0, [[230925526629785/2391112201, 3509198469700513169100/116922995516699]]]
[5, -83, 1, 1, 0, [[17699577610/17447329, 2272714610695725/72877493233]]]
[5, 85, -1, 0, 0, []]
[5, -85, -1, 0, 0, []]
[5, 86, -1, 2, 0, [[33841/64, 4232361/512], [77314/169, 8853012/2197]]]
[5, 86, 1, 1, 0, [[-5779759/13456, 796343961/1560896]]]
[5, -86, -1, 1, 0, [[57839730/49, 439885235600/343]]]
[5, -86, 1, 2, 0, [[185545/9, 79923025/27], [296270/49, 161232800/343]]]
[5, 87, -1, 0, 0, []]
[5, -87, -1, 0, 0, []]
[5, 89, -1, 0, 0, []]
[5, -89, -1, 0, 0, []]
[5, 91, -1, 1, 0, [[546, 8281]]]
[5, 91, 1, 1, 0, [[1001, 33124]]]
[5, -91, -1, 1, 0, [[1001, 33124]]]
[5, -91, 1, 1, 0, [[546, 8281]]]
[5, 93, -1, 1, 0, [[245985/484, 59029425/10648]]]
[5, 93, 1, 1, 0, [[-225060/529, 59029425/12167]]]
[5, -93, -1, 1, 0, [[15934, 2011373]]]
[5, -93, 1, 1, 0, [[15469, 1923922]]]
[5, 94, -1, 0, 0, []]
[5, -94, -1, 1, 0, [[730, 22200]]]
[5, -94, 1, 0, 0, []]
[5, 95, -1, 1, 0, [[11875/9, 1263500/27]]]
[5, 95, 1, 1, 0, [[28025/16, 4738125/64]]]
[5, -95, -1, 1, 0, [[28025/16, 4738125/64]]]
[5, -95, 1, 1, 0, [[11875/9, 1263500/27]]]
[5, 97, -1, 0, 0, []]
[5, -97, -1, 2, 0, [[715, 21900], [48985/144, 21405475/1728]]]
[5, -97, 1, 0, 0, []]
[5, 101, -1, 0, 0, []]
[5, -101, -1, 0, 0, []]
[5, 102, -1, 1, 0, [[37301554/64009, 130817688092/16194277]]]
[5, 102, 1, 0, 0, []]
[5, -102, -1, 0, 0, []]
[5, 103, -1, 1, 0, [[69877500727145672815/110093157148746321, 398669873329756393382300358250/36529227601085032035921369]]]
[5, 103, 1, 1, 0, [[721/4, 95481/8]]]
[5, -103, -1, 1, 0, [[721/4, 95481/8]]]
[5, -103, 1, 1, 0, [[69877500727145672815/110093157148746321, 398669873329756393382300358250/36529227601085032035921369]]]
[5, 105, -1, 1, 0, [[44625/4, 9426375/8]]]
[5, 105, 1, 1, 0, [[175, 12250]]]
[5, -105, -1, 1, 0, [[175, 12250]]]
[5, -105, 1, 1, 0, [[44625/4, 9426375/8]]]
[5, 106, -1, 0, 0, []]
[5, -106, -1, 1, 0, [[3699014675092514/31002405625, 224972327004731111427412/5458748570421875]]]
[5, -106, 1, 0, 0, []]
[5, 107, -1, 1, 0, [[580807810/1042441, 4739388658875/1064332261]]]
[5, 107, 1, 1, 0, [[3501851690198679185/632068523386729, 6556047117919735138244799600/15890817680615622347317]]]
[5, -107, -1, 1, 0, [[3501851690198679185/632068523386729, 6556047117919735138244799600/15890817680615622347317]]]
[5, -107, 1, 1, 0, [[580807810/1042441, 4739388658875/1064332261]]]
[5, 109, -1, 0, 0, []]
[5, -109, -1, 0, 0, []]
[5, 110, -1, 0, 0, []]
[5, -110, -1, 1, 0, [[650, 21000]]]
[5, -110, 1, 0, 0, []]
[5, 111, -1, 0, 0, []]
[5, -111, -1, 0, 0, []]
[5, 113, -1, 0, 0, []]
[5, -113, -1, 0, 0, []]
[5, 114, -1, 1, 0, [[227145/196, 101612475/2744]]]
[5, 114, 1, 0, 0, []]
[5, -114, -1, 0, 0, []]
[5, 115, -1, 1, 0, [[1775, 73500]]]
[5, 115, 1, 1, 0, [[29425, 5047500]]]
[5, -115, -1, 1, 0, [[29425, 5047500]]]
[5, -115, 1, 1, 0, [[1775, 73500]]]
[5, 118, -1, 0, 0, []]
[5, -118, -1, 1, 0, [[-54048110/120409, 447940680600/41781923]]]
[5, -118, 1, 0, 0, []]
[5, 119, -1, 1, 0, [[1432921/4, 1715273469/8]]]
[5, 119, 1, 1, 0, [[7303289/2500, 19820049837/125000]]]
[5, -119, -1, 1, 0, [[7303289/2500, 19820049837/125000]]]
[5, -119, 1, 1, 0, [[1432921/4, 1715273469/8]]]
[5, 122, -1, 0, 0, []]
[5, -122, -1, 1, 0, [[65, 15075]]]
[5, -122, 1, 0, 0, []]
[5, 123, -1, 0, 0, []]
[5, -123, -1, 0, 0, []]
[5, 127, -1, 1, 0, [[12686888355535/7024283721, 44196194460759293350/588712242940731]]]
[5, 127, 1, 1, 0, [[-614649148839071/3021999792100, 82669771834883129952783/5253414218588719000]]]
[5, -127, -1, 1, 0, [[7420981474676785/3423413961009, 647266304895339578439250/6334161411115019223]]]
[5, -127, 1, 1, 0, [[4321545736241/2591013604, 8732373393463589961/131887774470808]]]
[5, 129, -1, 1, 0, [[32956215226763172205/32454406941238489, 163160601190655286045534578900/5846696039316320094817763]]]
[5, 129, 1, 1, 0, [[129/16, 1048383/64]]]
[5, -129, -1, 1, 0, [[129/16, 1048383/64]]]
[5, -129, 1, 1, 0, [[44893440108576493809/11184300232245904, 300172901151670186791334499127/1182805200084963451030208]]]
[5, 130, -1, 2, 0, [[1625, 63375], [5450, 402000]]]
[5, 130, 1, 1, 0, [[550, 21000]]]
[5, -130, -1, 1, 0, [[550, 21000]]]
[5, -130, 1, 2, 0, [[1625, 63375], [5450, 402000]]]
[5, 131, -1, 1, 0, [[6818007295/10029889, 182751017221500/31764658463]]]
[5, 131, 1, 1, 0, [[40405641135905/45093796609, 302877053325447591900/9575802991310977]]]
[5, -131, -1, 1, 0, [[40405641135905/45093796609, 302877053325447591900/9575802991310977]]]
[5, -131, 1, 1, 0, [[6818007295/10029889, 182751017221500/31764658463]]]
[5, 133, -1, 2, 0, [[2261, 106134], [6407465/16, 16219197525/64]]]
[5, 133, 1, 2, 0, [[266, 17689], [-2660/9, 442225/27]]]
[5, -133, -1, 2, 0, [[266, 17689], [-2660/9, 442225/27]]]
[5, -133, 1, 2, 0, [[2261, 106134], [6407465/16, 16219197525/64]]]
[5, 134, -1, 2, 0, [[1474, 53868], [289016761/364816, 3088468221741/220348864]]]
[5, 134, 1, 1, 0, [[6125460930/14205361, 1044979381381600/53540005609]]]
[5, -134, -1, 1, 0, [[1290972281/2334784, 77327106448179/3567549952]]]
[5, -134, 1, 2, 0, [[1474, 53868], [289016761/364816, 3088468221741/220348864]]]
[5, 137, -1, 0, 0, []]
[5, -137, -1, 0, 0, []]
[5, 138, -1, 1, 0, []]
[5, 138, 1, 0, 0, []]
[5, -138, -1, 0, 0, []]
[5, 139, -1, 1, 0, [[61758951/37249, 467128531324/7189057]]]
[5, 139, 1, 1, 0, [[416234249/46225, 8493888204932/9938375]]]
[5, -139, -1, 1, 0, [[-1759907495/3225616, 76260549724125/5793206336]]]
[5, -139, 1, 1, 0, [[61758951/37249, 467128531324/7189057]]]
[5, 141, -1, 1, 0, [[11505, 1233900]]]
[5, 141, 1, 1, 0, [[-309270/51529, 218958149025/11697083]]]
[5, -141, -1, 1, 0, [[-309270/51529, 218958149025/11697083]]]
[5, -141, 1, 1, 0, [[11505, 1233900]]]
[5, 142, -1, 0, 0, []]
[5, -142, -1, 1, 0, [[-5141592152186390/7283267755009, 48531174563287014459000/19655740703633803777]]]
[5, -142, 1, 0, 0, []]
[5, 143, -1, 1, 0, [[7200025494715/6895475521, 15918840557628012900/572593391788319]]]
[5, 143, 1, 1, 0, [[485, 21900]]]
[5, -143, -1, 1, 0, [[485, 21900]]]
[5, -143, 1, 1, 0, [[7200025494715/6895475521, 15918840557628012900/572593391788319]]]
[5, 145, -1, 0, 0, []]
[5, -145, -1, 0, 0, []]
[5, 146, -1, 2, 0, [[14746, 1790544], [5621813530/1437601, 420143331014400/1723683599]]]
[5, 146, 1, 3, 0, [[-511, 15987], [730/9, 532900/27], [9306/25, 2623796/125]]]
[5, -146, -1, 3, 0, [[-511, 15987], [730/9, 532900/27], [9306/25, 2623796/125]]]
[5, -146, 1, 2, 0, [[14746, 1790544], [5621813530/1437601, 420143331014400/1723683599]]]
[5, 149, -1, 0, 0, []]
[5, -149, -1, 0, 0, []]
[5, 7, -1, 1, 1, [[329/4, 5733/8]]]
[5, -7, -1, 1, 1, [[665, 17150]]]
[5, -7, 1, 1, 1, [[329/4, 5733/8]]]
[5, 11, -1, 1, 1, [[130, 1425]]]
[5, 11, 1, 1, 1, [[-173095/5329, 141393000/389017]]]
[5, -11, -1, 1, 1, [[-173095/5329, 141393000/389017]]]
[5, 19, -1, 1, 1, [[1026, 32851]]]
[5, -19, -1, 1, 1, [[1121, 37544]]]
[5, -19, 1, 1, 1, [[1026, 32851]]]
[5, 21, -1, 1, 1, [[240205/361, 117494650/6859]]]
[5, 21, 1, 1, 1, [[70, 1225]]]
[5, -21, -1, 1, 1, [[70, 1225]]]
[5, -21, 1, 1, 1, [[189609/1156, 70911477/39304]]]
[5, 22, -1, 2, 1, [[1310, 47400], [114, -388]]]
[5, 22, 1, 1, 1, [[-6919/64, 132979/512]]]
[5, -22, -1, 1, 1, [[-6919/64, 132979/512]]]
[5, -22, 1, 2, 1, [[1310, 47400], [114, -388]]]
[5, 7, 1, 1, 1, [[665, 17150]]]
[5, 19, 1, 1, 1, [[1121, 37544]]]
[5, 35, -1, 1, 1, [[350, 6125]]]
[5, 35, 1, 1, 1, [[525, 12250]]]
[5, 55, -1, 1, 1, [[11075, 1165500]]]
[5, 55, 1, 1, 1, [[925, 28500]]]
[5, -11, 1, 1, 1, [[130, 1425]]]
[5, -35, -1, 1, 1, [[525, 12250]]]
[5, -35, 1, 1, 1, [[350, 6125]]]
[5, 23, -1, 1, 1, [[24715/121, 3521700/1331]]]
[5, -23, -1, 1, 1, [[-157054315/1585081, 1477482415500/1995616979]]]
[5, 31, -1, 1, 1, [[1052529391/594441, 34135449662314/458314011]]]
[5, -31, -1, 1, 1, [[-31, 1922]]]
[5, -31, 1, 1, 1, [[6184030505/30980356, 354632119425675/172436661496]]]
[5, 33, -1, 1, 1, [[3821067045819885/6386674132969, 233708044753751975883000/16140319842075528203]]]
[5, -33, -1, 1, 1, [[9889/64, 1464463/512]]]
[5, 43, -1, 1, 1, [[344, 5547]]]
[5, -43, -1, 1, 1, [[69537665/310249, 795635978900/172808693]]]
[5, 47, -1, 1, 1, [[23675404054435192315/5476269260449, 115198307747204644516333556700/12815253175954904207]]]
[5, -47, -1, 1, 1, [[751337285/588289, 20658604887900/451217663]]]
[5, -55, -1, 1, 1, [[925, 28500]]]
[5, 57, -1, 1, 1, [[88438065/153664, 779554581975/60236288]]]
[5, -57, -1, 1, 1, [[-4950735/50176, 52943023575/11239424]]]
[5, 59, -1, 1, 1, [[2442858730/1329409, 120488944512825/1532808577]]]
[5, -59, -1, 1, 1, [[-24895/121, 5481900/1331]]]
[5, 66, -1, 1, 1, [[69569377530/3644281, 18349576889565600/6956932429]]]
[5, -66, -1, 2, 1, [[154, 6292], [1786, 75716]]]
[5, 67, -1, 1, 1, [[204015/289, 87086600/4913]]]
[5, 67, 1, 1, 1, [[-1154212015/15864289, 385444850780200/63187463087]]]
[5, 69, -1, 1, 1, [[967655230881108562133881/406805524919373891600, 950424062496159818393822375573414221/8205031710094301613176773464000]]]
[5, -69, -1, 1, 1, [[184, 6877]]]
[5, 74, -1, 2, 1, [[1570, 61800], [137270/121, 49968500/1331]]]
[5, 74, 1, 1, 1, [[182030/3481, 1463763000/205379]]]
[5, -74, -1, 1, 1, [[182030/3481, 1463763000/205379]]]
[5, 79, -1, 1, 1, [[4165961431/11025, 268888895406046/1157625]]]
[5, -79, -1, 1, 1, [[934649/1225, 964246982/42875]]]
[5, 91, -1, 1, 1, [[546, 8281]]]
[5, 91, 1, 1, 1, [[1001, 33124]]]
[5, 95, -1, 1, 1, [[11875/9, 1263500/27]]]
[5, -95, -1, 1, 1, [[28025/16, 4738125/64]]]
[5, 103, -1, 1, 1, [[69877500727145672815/110093157148746321, 398669873329756393382300358250/36529227601085032035921369]]]
[5, -103, -1, 1, 1, [[721/4, 95481/8]]]
[5, 105, -1, 1, 1, [[44625/4, 9426375/8]]]
[5, -105, -1, 1, 1, [[175, 12250]]]
[5, 107, -1, 1, 1, [[580807810/1042441, 4739388658875/1064332261]]]
[5, -107, -1, 1, 1, [[3501851690198679185/632068523386729, 6556047117919735138244799600/15890817680615622347317]]]
[5, 127, -1, 1, 1, [[12686888355535/7024283721, 44196194460759293350/588712242940731]]]
[5, -127, -1, 1, 1, [[7420981474676785/3423413961009, 647266304895339578439250/6334161411115019223]]]
[5, 129, -1, 1, 1, [[32956215226763172205/32454406941238489, 163160601190655286045534578900/5846696039316320094817763]]]
[5, -129, -1, 1, 1, [[129/16, 1048383/64]]]
[5, 130, -1, 2, 1, [[1625, 63375], [5450, 402000]]]
[5, 130, 1, 1, 1, [[550, 21000]]]
[5, -130, -1, 1, 1, [[550, 21000]]]
[5, 131, -1, 1, 1, [[6818007295/10029889, 182751017221500/31764658463]]]
[5, -131, -1, 1, 1, [[40405641135905/45093796609, 302877053325447591900/9575802991310977]]]
[5, 133, -1, 2, 1, [[2261, 106134], [6407465/16, 16219197525/64]]]
[5, 133, 1, 2, 1, [[266, 17689], [-2660/9, 442225/27]]]
[5, 119, -1, 1, 1, [[1432921/4, 1715273469/8]]]
[5, 119, 1, 1, 1, [[7303289/2500, 19820049837/125000]]]
[5, -66, 1, 1, 1, [[69569377530/3644281, 18349576889565600/6956932429]]]
[5, 86, -1, 2, 1, [[33841/64, 4232361/512], [77314/169, 8853012/2197]]]
[5, 86, 1, 1, 1, [[-5779759/13456, 796343961/1560896]]]
[5, -86, -1, 1, 1, [[57839730/49, 439885235600/343]]]
[5, 134, -1, 2, 1, [[1474, 53868], [289016761/364816, 3088468221741/220348864]]]
[5, 134, 1, 1, 1, [[6125460930/14205361, 1044979381381600/53540005609]]]
[5, -134, -1, 1, 1, [[1290972281/2334784, 77327106448179/3567549952]]]
[5, 146, -1, 2, 1, [[14746, 1790544], [5621813530/1437601, 420143331014400/1723683599]]]
[5, -146, -1, 3, 1, [[-511, 15987], [730/9, 532900/27], [9306/25, 2623796/125]]]
[5, -146, 1, 2, 1, [[14746, 1790544], [5621813530/1437601, 420143331014400/1723683599]]]
[5, 154, -1, 0, 0, []]
[5, -154, 1, 0, 0, []]
[5, 158, -1, 0, 0, []]
[5, -158, 1, 0, 0, []]
[5, 166, -1, 0, 0, []]
[5, -166, 1, 0, 0, []]
[5, 170, -1, 0, 0, []]
[5, -170, 1, 0, 0, []]
[5, 174, 1, 0, 0, []]
[5, -174, -1, 0, 0, []]
[5, 178, -1, 0, 0, []]
[5, -178, 1, 0, 0, []]
[5, 182, -1, 0, 0, []]
[5, -182, 1, 0, 0, []]
[5, 186, 1, 0, 0, []]
[5, -186, -1, 0, 0, []]
[5, 190, -1, 2, 0, [[1425, 45125], [13050, 1490500]]]
[5, 190, 1, 1, 0, [[29450, 5054000]]]
[5, 190, -1, 2, 1, [[1425, 45125], [13050, 1490500]]]
[5, 190, 1, 1, 1, [[29450, 5054000]]]
[5, -190, 1, 2, 0, [[1425, 45125], [13050, 1490500]]]
[5, -190, -1, 1, 0, [[29450, 5054000]]]
[5, -190, -1, 1, 1, [[29450, 5054000]]]
[5, 194, -1, 2, 0, [[2217226/2209, 1030624224/103823], [6291905/484, 15779128225/10648]]]
[5, 194, 1, 1, 0, [[3686, 225816]]]
[5, 194, -1, 2, 1, [[2217226/2209, 1030624224/103823], [6291905/484, 15779128225/10648]]]
[5, -194, 1, 2, 0, [[2892346/2401, 3400563144/117649], [5418905/64, 12614411075/512]]]
[5, -194, -1, 1, 0, [[3686, 225816]]]
[5, -194, -1, 1, 1, [[3686, 225816]]]
[5, 202, -1, 0, 0, []]
[5, -202, 1, 0, 0, []]
[5, 206, -1, 0, 0, []]
[5, -206, 1, 0, 0, []]
[5, 210, 1, 0, 0, []]
[5, -210, -1, 0, 0, []]
[5, 214, -1, 2, 0, [[4745, 324975], [70314830/64009, 162405898200/16194277]]]
[5, 214, 1, 1, 0, [[6468966137848907170/6103722345500329, 23436745527764669970914116800/476861383466876300060267]]]
[5, 214, -1, 2, 1, [[4745, 324975], [70314830/64009, 162405898200/16194277]]]
[5, 214, 1, 1, 1, [[6468966137848907170/6103722345500329, 23436745527764669970914116800/476861383466876300060267]]]
[5, -214, 1, 2, 0, [[4745, 324975], [70314830/64009, 162405898200/16194277]]]
[5, -214, -1, 1, 0, [[6468966137848907170/6103722345500329, 23436745527764669970914116800/476861383466876300060267]]]
[5, -214, -1, 1, 1, [[6468966137848907170/6103722345500329, 23436745527764669970914116800/476861383466876300060267]]]
[5, 218, -1, 2, 0, [[1526, 47524], [35488390585/4592449, 6676044027068175/9841618207]]]
[5, 218, 1, 1, 0, [[18638030202110/315027001, 80463954862877178600/5591414240749]]]
[5, 218, -1, 2, 1, [[1526, 47524], [35488390585/4592449, 6676044027068175/9841618207]]]
[5, 218, 1, 1, 1, [[18638030202110/315027001, 80463954862877178600/5591414240749]]]
[5, -218, 1, 2, 0, [[1526, 47524], [35488390585/4592449, 6676044027068175/9841618207]]]
[5, -218, -1, 1, 0, [[18638030202110/315027001, 80463954862877178600/5591414240749]]]
[5, -218, -1, 1, 1, [[18638030202110/315027001, 80463954862877178600/5591414240749]]]
[5, 222, 1, 2, 0, [[-111, 36963], [-11372690/11449, 24114798100/1225043]]]
[5, 222, -1, 1, 0, [[85523138317217190/1153426596529, 25010634824887691917791000/1238753635860425833]]]
[5, 222, -1, 1, 1, [[85523138317217190/1153426596529, 25010634824887691917791000/1238753635860425833]]]
[5, -222, -1, 2, 0, [[-111, 36963], [-11372690/11449, 24114798100/1225043]]]
[5, -222, 1, 1, 0, [[85523138317217190/1153426596529, 25010634824887691917791000/1238753635860425833]]]
[5, -222, -1, 2, 1, [[-111, 36963], [-11372690/11449, 24114798100/1225043]]]
[5, -222, 1, 1, 1, [[85523138317217190/1153426596529, 25010634824887691917791000/1238753635860425833]]]
[5, 226, -1, 0, 0, []]
[5, -226, 1, 0, 0, []]
[5, 230, -1, 0, 0, []]
[5, -230, 1, 0, 0, []]
[5, 238, -1, 0, 0, []]
[5, -238, 1, 0, 0, []]
[5, 246, 1, 0, 0, []]
[5, -246, -1, 0, 0, []]
[5, 254, -1, 0, 0, []]
[5, -254, 1, 0, 0, []]
[5, 258, 1, 2, 0, [[-215, 46225], [-8657654/7225, 12676296644/614125]]]
[5, 258, -1, 1, 0, [[314638102227483129/243107595080464, 17455533686084680672239117/3790511256595847285312]]]
[5, 258, -1, 1, 1, [[314638102227483129/243107595080464, 17455533686084680672239117/3790511256595847285312]]]
[5, -258, -1, 2, 0, [[-215, 46225], [-8657654/7225, 12676296644/614125]]]
[5, -258, 1, 1, 0, [[1046506330594533610/886567246929, 1070564380287040198600348400/834771328661667033]]]
[5, -258, -1, 2, 1, [[-215, 46225], [-8657654/7225, 12676296644/614125]]]
[5, -258, 1, 1, 1, [[1046506330594533610/886567246929, 1070564380287040198600348400/834771328661667033]]]
[5, 262, -1, 0, 0, []]
[5, -262, 1, 0, 0, []]
[5, 266, -1, 2, 0, [[1729, 53067], [10380745/64, 33445882875/512]]]
[5, 266, 1, 1, 0, [[-8455/16, 3005325/64]]]
[5, 266, -1, 2, 1, [[1729, 53067], [10380745/64, 33445882875/512]]]
[5, 266, 1, 1, 1, [[-8455/16, 3005325/64]]]
[5, -266, 1, 2, 0, [[1729, 53067], [10380745/64, 33445882875/512]]]
[5, -266, -1, 1, 0, [[-8455/16, 3005325/64]]]
[5, -266, -1, 1, 1, [[-8455/16, 3005325/64]]]
[5, 274, -1, 0, 0, []]
[5, -274, 1, 0, 0, []]
[5, 278, -1, 0, 0, []]
[5, -278, 1, 0, 0, []]
[5, 282, 1, 0, 0, []]
[5, -282, -1, 0, 0, []]
[5, 286, -1, 0, 0, []]
[5, -286, 1, 0, 0, []]
[5, 290, -1, 0, 0, []]
[5, -290, 1, 0, 0, []]
[5, 298, -1, 0, 0, []]
[5, -298, 1, 0, 0, []]
[5, 302, -1, 0, 0, []]
[5, -302, 1, 0, 0, []]
[5, 310, -1, 0, 0, []]
[5, -310, 1, 0, 0, []]
[5, 314, -1, 0, 0, []]
[5, -314, 1, 0, 0, []]
[5, 318, 1, 0, 0, []]
[5, -318, -1, 0, 0, []]
[5, 322, -1, 0, 0, []]
[5, -322, 1, 0, 0, []]
[5, 326, -1, 0, 0, []]
[5, -326, 1, 0, 0, []]
[5, 330, 1, 0, 0, []]
[5, -330, -1, 0, 0, []]
[5, 334, -1, 0, 0, []]
[5, -334, 1, 0, 0, []]
[5, 346, -1, 0, 0, []]
[5, -346, 1, 0, 0, []]
[5, 354, 1, 0, 0, []]
[5, -354, -1, 0, 0, []]
[5, 358, -1, 0, 0, []]
[5, -358, 1, 0, 0, []]
[5, 362, -1, 0, 0, []]
[5, -362, 1, 0, 0, []]
[5, 366, 1, 0, 0, []]
[5, -366, -1, 0, 0, []]
[5, 370, -1, 0, 0, []]
[5, -370, 1, 0, 0, []]
[5, 374, -1, 0, 0, []]
[5, -374, 1, 0, 0, []]
[5, 382, -1, 0, 0, []]
[5, -382, 1, 0, 0, []]
[5, 386, -1, 0, 0, []]
[5, -386, 1, 0, 0, []]
[5, 390, 1, 2, 0, [[-650, 84500], [8850, 837000]]]
[5, 390, -1, 1, 0, [[505950/121, 341145000/1331]]]
[5, 390, -1, 1, 1, [[505950/121, 341145000/1331]]]
[5, -390, -1, 2, 0, [[-650, 84500], [8850, 837000]]]
[5, -390, 1, 1, 0, [[505950/121, 341145000/1331]]]
[5, -390, -1, 2, 1, [[-650, 84500], [8850, 837000]]]
[5, -390, 1, 1, 1, [[505950/121, 341145000/1331]]]
[5, 394, -1, 0, 0, []]
[5, -394, 1, 0, 0, []]
[5, 398, -1, 0, 0, []]
[5, -398, 1, 0, 0, []]
[5, 402, 1, 2, 0, [[105190, 34116400], [104185/49, 45675575/343]]]
[5, 402, -1, 1, 0, []]
[5, 402, -1, 1, 1, [[3890239659888719793380769/866824021416285092416, 7320222605102360494615347957179653647/25520924749050091165825988094464]]]
[5, -402, -1, 2, 0, [[-30351/16, 2302857/64], [111354/121, 125566308/1331]]]
[5, -402, 1, 1, 0, []]
[5, -402, -1, 2, 1, [[-30351/16, 2302857/64], [111354/121, 125566308/1331]]]
[5, -402, 1, 1, 1, [[3890239659888719793380769/866824021416285092416, 7320222605102360494615347957179653647/25520924749050091165825988094464]]]
[5, 406, -1, 0, 0, []]
[5, -406, 1, 0, 0, []]
[5, 410, -1, 0, 0, []]
[5, -410, 1, 0, 0, []]
[5, 418, -1, 0, 0, []]
[5, -418, 1, 0, 0, []]
[5, 422, -1, 0, 0, []]
[5, -422, 1, 0, 0, []]
[5, 426, 1, 0, 0, []]
[5, -426, -1, 0, 0, []]
[5, 430, -1, 0, 0, []]
[5, -430, 1, 0, 0, []]
[5, 434, -1, 0, 0, []]
[5, -434, 1, 0, 0, []]
[5, 438, 1, 2, 0, [[-29352935/21904, 291706662275/3241792], [1027986/49, 1042863984/343]]]
[5, 438, -1, 3, 0, [[2865, 114075], [54385/4, 12656375/8], [535090/81, 384220900/729]]]
[5, 438, -1, 3, 1, [[2865, 114075], [54385/4, 12656375/8], [535090/81, 384220900/729]]]
[5, 438, 1, 2, 1, [[1027986/49, 1042863984/343], [-29352935/21904, -291706662275/3241792]]]
[5, -438, -1, 2, 0, [[-29352935/21904, 291706662275/3241792], [1027986/49, 1042863984/343]]]
[5, -438, 1, 3, 0, [[2865, 114075], [86286/25, 21870216/125], [266961/49, 133379541/343]]]
[5, -438, -1, 2, 1, [[1027986/49, 1042863984/343], [-29352935/21904, -291706662275/3241792]]]
[5, 442, -1, 0, 0, []]
[5, -442, 1, 0, 0, []]
[5, 446, -1, 0, 0, []]
[5, -446, 1, 0, 0, []]
[5, 454, -1, 0, 0, []]
[5, -454, 1, 0, 0, []]
[5, 458, -1, 0, 0, []]
[5, -458, 1, 0, 0, []]
[5, 462, 1, 0, 0, []]
[5, -462, -1, 0, 0, []]
[5, 466, -1, 0, 0, []]
[5, -466, 1, 0, 0, []]
[5, 470, -1, 0, 0, []]
[5, -470, 1, 0, 0, []]
[5, 474, 1, 0, 0, []]
[5, -474, -1, 0, 0, []]
[5, 478, -1, 2, 0, [[3590, 180600], [652859839448039194/1856327225841, 527508986644395841114720628/2529192011718813111]]]
[5, 478, 1, 1, 0, []]
[5, 478, -1, 2, 1, [[3590, 180600], [652859839448039194/1856327225841, 527508986644395841114720628/2529192011718813111]]]
[5, 478, 1, 1, 1, [[541102379910135540789853390321/225305691637705593178558464, 560864421998938896361306682887472941043767369/3381880397504077745378880880458328178688]]]
[5, -478, 1, 2, 0, [[3590, 180600], [652859839448039194/1856327225841, 527508986644395841114720628/2529192011718813111]]]
[5, -478, -1, 1, 0, []]
[5, -478, -1, 1, 1, [[541102379910135540789853390321/225305691637705593178558464, 560864421998938896361306682887472941043767369/3381880397504077745378880880458328178688]]]
[5, 482, -1, 0, 0, []]
[5, -482, 1, 0, 0, []]
[5, 494, -1, 0, 0, []]
[5, -494, 1, 0, 0, []]
[5, 498, 1, 0, 0, []]
[5, -498, -1, 0, 0, []]
[5, 502, -1, 0, 0, []]
[5, -502, 1, 0, 0, []]
[5, 506, -1, 2, 0, [[431321/4, 283268381/8], [9720370/169, 30304401600/2197]]]
[5, 506, 1, 1, 0, [[-1679/36, 27487369/216]]]
[5, 506, -1, 2, 1, [[431321/4, 283268381/8], [9720370/169, 30304401600/2197]]]
[5, -506, 1, 2, 0, [[431321/4, 283268381/8], [9720370/169, 30304401600/2197]]]
[5, -506, -1, 1, 0, [[-1679/36, 27487369/216]]]
[5, -506, -1, 1, 1, [[-1679/36, 27487369/216]]]
[5, 510, 1, 0, 0, []]
[5, -510, -1, 0, 0, []]
[5, 514, -1, 0, 0, []]
[5, -514, 1, 0, 0, []]
[5, 518, -1, 2, 0, [[6734, 536648], [372190/121, 144148200/1331]]]
[5, 518, 1, 1, 0, [[1110, 136900]]]
[5, 518, -1, 2, 1, [[6734, 536648], [372190/121, 144148200/1331]]]
[5, -518, 1, 2, 0, [[6734, 536648], [372190/121, 144148200/1331]]]
[5, -518, -1, 1, 0, [[1110, 136900]]]
[5, -518, -1, 1, 1, [[1110, 136900]]]
[5, -518, 1, 2, 1, [[6734, 536648], [372190/121, 144148200/1331]]]
[5, 526, -1, 2, 0, [[245594870/9409, 3846862819800/912673], [418318554/17161, 8550426795092/2248091]]]
[5, 526, 1, 1, 0, [[8628628653725530/151147555729, 801556055980422848733600/58762693273653433]]]
[5, 526, -1, 2, 1, [[245594870/9409, 3846862819800/912673], [418318554/17161, 8550426795092/2248091]]]
[5, 526, 1, 1, 1, [[8628628653725530/151147555729, 801556055980422848733600/58762693273653433]]]
[5, -526, 1, 2, 0, [[245594870/9409, 3846862819800/912673], [418318554/17161, 8550426795092/2248091]]]
[5, -526, -1, 1, 0, [[8628628653725530/151147555729, 801556055980422848733600/58762693273653433]]]
[5, -526, -1, 1, 1, [[8628628653725530/151147555729, 801556055980422848733600/58762693273653433]]]
[5, 530, -1, 0, 0, []]
[5, -530, 1, 0, 0, []]
[5, 534, 1, 0, 0, []]
[5, -534, -1, 0, 0, []]
[5, 538, -1, 0, 0, []]
[5, -538, 1, 0, 0, []]
[5, 542, -1, 0, 0, []]
[5, -542, 1, 0, 0, []]
[5, 546, 1, 0, 0, []]
[5, -546, -1, 0, 0, []]
[5, 554, -1, 0, 0, []]
[5, -554, 1, 0, 0, []]
[5, 562, -1, 0, 0, []]
[5, -562, 1, 0, 0, []]
[5, 566, -1, 0, 0, []]
[5, -566, 1, 0, 0, []]
[5, 570, 1, 2, 0, [[4750, 361000], [-2375/9, 4106375/27]]]
[5, 570, -1, 1, 0, [[50674425/13456, 271525834125/1560896]]]
[5, 570, -1, 1, 1, [[50674425/13456, 271525834125/1560896]]]
[5, -570, -1, 2, 0, [[4750, 361000], [-2375/9, 4106375/27]]]
[5, -570, 1, 1, 0, [[28305250/961, 150523282000/29791]]]
[5, -570, -1, 2, 1, [[4750, 361000], [-2375/9, 4106375/27]]]
[5, -570, 1, 1, 1, [[28305250/961, 150523282000/29791]]]
[5, 574, -1, 0, 0, []]
[5, -574, 1, 0, 0, []]
[5, 582, 1, 2, 0, [[7890, 718200], [-7623569015/4761124, 1488782356032475/10388772568]]]
[5, 582, -1, 1, 0, [[980185/36, 969832675/216]]]
[5, 582, -1, 1, 1, [[980185/36, 969832675/216]]]
[5, -582, -1, 2, 0, [[7890, 718200], [42399972834/2569609, 8754597502013448/4119083227]]]
[5, -582, 1, 1, 0, []]
[5, -582, -1, 2, 1, [[7890, 718200], [42399972834/2569609, 8754597502013448/4119083227]]]
[5, 586, -1, 0, 0, []]
[5, -586, 1, 0, 0, []]
[5, 590, -1, 2, 0, [[4825, 294375], [3434, 121748]]]
[5, 590, 1, 1, 0, [[14128620650/851929, 1684101991404000/786330467]]]
[5, 590, -1, 2, 1, [[4825, 294375], [3434, 121748]]]
[5, 590, 1, 1, 1, [[14128620650/851929, 1684101991404000/786330467]]]
[5, -590, 1, 2, 0, [[4825, 294375], [3434, 121748]]]
[5, -590, -1, 1, 0, [[14128620650/851929, 1684101991404000/786330467]]]
[5, -590, -1, 1, 1, [[14128620650/851929, 1684101991404000/786330467]]]
[5, 598, -1, 0, 0, []]
[5, -598, 1, 0, 0, []]
[5, 602, -1, 0, 0, []]
[5, -602, 1, 0, 0, []]
[5, 606, 1, 0, 0, []]
[5, -606, -1, 0, 0, []]
[5, 610, -1, 0, 0, []]
[5, -610, 1, 0, 0, []]
[5, 614, -1, 0, 0, []]
[5, -614, 1, 0, 0, []]
[5, 618, 1, 0, 0, []]
[5, -618, -1, 0, 0, []]
[5, 622, -1, 0, 0, []]
[5, -622, 1, 0, 0, []]
[5, 626, -1, 0, 0, []]
[5, -626, 1, 0, 0, []]
[5, 634, -1, 0, 0, []]
[5, -634, 1, 0, 0, []]
[5, 638, -1, 2, 0, [[238106/49, 98388004/343], [319121/100, 6078919/1000]]]
[5, 638, 1, 1, 0, []]
[5, 638, -1, 2, 1, [[238106/49, 98388004/343], [319121/100, 6078919/1000]]]
[5, 638, 1, 1, 1, [[594225204421532849005151210/164399868327421241310961, 18816481520784634776763834857751752448800/66657987576298657842215580465476041]]]
[5, -638, 1, 2, 0, [[238106/49, 98388004/343], [319121/100, 6078919/1000]]]
[5, -638, -1, 1, 0, []]
[5, -638, -1, 1, 1, [[594225204421532849005151210/164399868327421241310961, 18816481520784634776763834857751752448800/66657987576298657842215580465476041]]]
