[3, 1, -1, 0, 0, []]
[3, -1, -1, 0, 0, []]
[3, 2, 1, 0, 0, []]
[3, -2, -1, 0, 0, []]
[3, 3, -1, 0, 0, []]
[3, -3, -1, 0, 0, []]
[3, 5, -1, 0, 0, []]
[3, -5, -1, 0, 0, []]
[3, 6, -1, 0, 0, []]
[3, -6, 1, 0, 0, []]
[3, 7, -1, 1, 0, [[1785/4, 75411/8]]]
[3, 7, 1, 1, 0, [[7, 98]]]
[3, 7, -1, 1, 1, [[1785/4, 75411/8]]]
[3, 7, 1, 1, 1, [[7, 98]]]
[3, -7, -1, 1, 0, [[7, 98]]]
[3, -7, 1, 1, 0, [[1785/4, 75411/8]]]
[3, -7, -1, 1, 1, [[7, 98]]]
[3, -7, 1, 1, 1, [[1785/4, 75411/8]]]
[3, 10, 1, 0, 0, []]
[3, -10, -1, 0, 0, []]
[3, 11, -1, 1, 0, [[55977/1369, 9121140/50653]]]
[3, 11, 1, 1, 0, [[-6, 189]]]
[3, 11, -1, 1, 1, [[55977/1369, 9121140/50653]]]
[3, -11, -1, 1, 0, [[-6, 189]]]
[3, -11, 1, 1, 0, [[55977/1369, 9121140/50653]]]
[3, -11, -1, 1, 1, [[-6, 189]]]
[3, 13, -1, 0, 0, []]
[3, -13, -1, 0, 0, []]
[3, 14, 1, 0, 0, []]
[3, -14, -1, 0, 0, []]
[3, 19, -1, 1, 0, [[1173649/2025, 1270868732/91125]]]
[3, 19, 1, 1, 0, [[-38, 361]]]
[3, 19, -1, 1, 1, [[1173649/2025, 1270868732/91125]]]
[3, -19, -1, 1, 0, [[-38, 361]]]
[3, -19, 1, 1, 0, [[4213497/55696, 6542819955/13144256]]]
[3, -19, -1, 1, 1, [[-38, 361]]]
[3, 21, -1, 1, 0, [[126, 1323]]]
[3, 21, 1, 1, 0, [[189, 2646]]]
[3, 21, -1, 1, 1, [[126, 1323]]]
[3, 21, 1, 1, 1, [[189, 2646]]]
[3, -21, -1, 1, 0, [[189, 2646]]]
[3, -21, 1, 1, 0, [[126, 1323]]]
[3, -21, -1, 1, 1, [[189, 2646]]]
[3, -21, 1, 1, 1, [[126, 1323]]]
[3, 22, 1, 0, 0, []]
[3, -22, -1, 0, 0, []]
[3, 26, 1, 2, 0, [[-26, 676], [354, 6696]]]
[3, 26, -1, 1, 0, [[20238/121, 2729160/1331]]]
[3, 26, -1, 1, 1, [[20238/121, 2729160/1331]]]
[3, -26, -1, 2, 0, [[-26, 676], [354, 6696]]]
[3, -26, 1, 1, 0, [[20238/121, 2729160/1331]]]
[3, -26, -1, 2, 1, [[-26, 676], [354, 6696]]]
[3, -26, 1, 1, 1, [[20238/121, 2729160/1331]]]
[3, 30, -1, 0, 0, []]
[3, -30, 1, 0, 0, []]
[3, 34, 1, 0, 0, []]
[3, -34, -1, 0, 0, []]
[3, 38, 1, 2, 0, [[190, 2888], [-95/9, 32851/27]]]
[3, 38, -1, 1, 0, [[2026977/13456, 2172206673/1560896]]]
[3, 38, -1, 1, 1, [[2026977/13456, 2172206673/1560896]]]
[3, -38, -1, 2, 0, [[190, 2888], [-95/9, 32851/27]]]
[3, -38, 1, 1, 0, [[2026977/13456, 2172206673/1560896]]]
[3, -38, -1, 2, 1, [[190, 2888], [-95/9, 32851/27]]]
[3, -38, 1, 1, 1, [[2026977/13456, 2172206673/1560896]]]
[3, 42, -1, 0, 0, []]
[3, -42, 1, 0, 0, []]
[3, 46, 1, 0, 0, []]
[3, -46, -1, 0, 0, []]
[3, 58, 1, 0, 0, []]
[3, -58, -1, 0, 0, []]
[3, 62, 1, 0, 0, []]
[3, -62, -1, 0, 0, []]
[3, 66, -1, 0, 0, []]
[3, -66, 1, 0, 0, []]
[3, 70, 1, 0, 0, []]
[3, -70, -1, 0, 0, []]
[3, 74, 1, 0, 0, []]
[3, -74, -1, 0, 0, []]
[3, 78, -1, 2, 0, [[585, 13689], [1962, 86832]]]
[3, 78, 1, 1, 0, [[198, 4536]]]
[3, 78, -1, 2, 1, [[585, 13689], [1962, 86832]]]
[3, 78, 1, 1, 1, [[198, 4536]]]
[3, -78, 1, 2, 0, [[585, 13689], [1962, 86832]]]
[3, -78, -1, 1, 0, [[198, 4536]]]
[3, -78, -1, 1, 1, [[198, 4536]]]
[3, 82, 1, 0, 0, []]
[3, -82, -1, 0, 0, []]
[3, 86, 1, 0, 0, []]
[3, -86, -1, 0, 0, []]
[3, 94, 1, 0, 0, []]
[3, -94, -1, 0, 0, []]
[3, 102, -1, 0, 0, []]
[3, -102, 1, 0, 0, []]
[3, 106, 1, 0, 0, []]
[3, -106, -1, 0, 0, []]
[3, 110, 1, 2, 0, [[154, 6292], [1786, 75716]]]
[3, 110, -1, 1, 0, [[69569377530/3644281, 18349576889565600/6956932429]]]
[3, 110, -1, 1, 1, [[69569377530/3644281, 18349576889565600/6956932429]]]
[3, -110, -1, 2, 0, [[154, 6292], [1786, 75716]]]
[3, -110, 1, 1, 0, [[69569377530/3644281, 18349576889565600/6956932429]]]
[3, -110, -1, 2, 1, [[154, 6292], [1786, 75716]]]
[3, -110, 1, 1, 1, [[69569377530/3644281, 18349576889565600/6956932429]]]
[3, 114, -1, 2, 0, [[513, 9747], [4698, 321948]]]
[3, 114, 1, 1, 0, [[10602, 1091664]]]
[3, 114, -1, 2, 1, [[513, 9747], [4698, 321948]]]
[3, 114, 1, 1, 1, [[10602, 1091664]]]
[3, -114, 1, 2, 0, [[513, 9747], [4698, 321948]]]
[3, -114, -1, 1, 0, [[10602, 1091664]]]
[3, -114, -1, 1, 1, [[10602, 1091664]]]
[3, 118, 1, 2, 0, [[78, 6696], [47170, 10244692]]]
[3, 118, -1, 1, 0, []]
[3, 118, -1, 1, 1, [[309101663457922383637898425/204264709037477515215936, 5399506834569199719292492215385342112429/92318770008241521201016443064290816]]]
[3, -118, -1, 2, 0, [[78, 6696], [47170, 10244692]]]
[3, -118, 1, 1, 0, []]
[3, -118, -1, 2, 1, [[78, 6696], [47170, 10244692]]]
[3, -118, 1, 1, 1, [[309101663457922383637898425/204264709037477515215936, 5399506834569199719292492215385342112429/92318770008241521201016443064290816]]]
[3, 122, 1, 0, 0, []]
[3, -122, -1, 0, 0, []]
[3, 130, 1, 0, 0, []]
[3, -130, -1, 0, 0, []]
[3, 134, 1, 0, 0, []]
[3, -134, -1, 0, 0, []]
[3, 138, -1, 0, 0, []]
[3, -138, 1, 0, 0, []]
[3, 142, 1, 0, 0, []]
[3, -142, -1, 0, 0, []]
[3, 146, 1, 0, 0, []]
[3, -146, -1, 0, 0, []]
[3, 154, 1, 0, 0, []]
[3, -154, -1, 0, 0, []]
[3, 158, 1, 0, 0, []]
[3, -158, -1, 0, 0, []]
[3, 166, 1, 0, 0, []]
[3, -166, -1, 0, 0, []]
[3, 170, 1, 0, 0, []]
[3, -170, -1, 0, 0, []]
[3, 174, -1, 0, 0, []]
[3, -174, 1, 0, 0, []]
[3, 178, 1, 0, 0, []]
[3, -178, -1, 0, 0, []]
[3, 182, 1, 2, 0, [[-455, 8281], [130, 12844]]]
[3, 182, -1, 1, 0, [[810537/1444, 205923627/54872]]]
[3, 182, -1, 1, 1, [[810537/1444, 205923627/54872]]]
[3, -182, -1, 2, 0, [[-455, 8281], [130, 12844]]]
[3, -182, 1, 1, 0, [[530530/9, 386424584/27]]]
[3, -182, -1, 2, 1, [[-455, 8281], [130, 12844]]]
[3, -182, 1, 1, 1, [[530530/9, 386424584/27]]]
[3, 186, -1, 0, 0, []]
[3, -186, 1, 0, 0, []]
[3, 190, 1, 0, 0, []]
[3, -190, -1, 0, 0, []]
[3, 194, 1, 0, 0, []]
[3, -194, -1, 0, 0, []]
[3, 202, 1, 0, 0, []]
[3, -202, -1, 0, 0, []]
[3, 206, 1, 0, 0, []]
[3, -206, -1, 0, 0, []]
[3, 210, -1, 0, 0, []]
[3, -210, 1, 0, 0, []]
[3, 214, 1, 2, 0, [[1086, 39312], [3017864481/450241, 165859489412883/302111711]]]
[3, 214, -1, 1, 0, [[6999667458140031469122/119215881478287841, 585619902606525214455063589956480/41162445758498614603383889]]]
[3, 214, -1, 1, 1, [[6999667458140031469122/119215881478287841, 585619902606525214455063589956480/41162445758498614603383889]]]
[3, -214, -1, 2, 0, [[1086, 39312], [3017864481/450241, 165859489412883/302111711]]]
[3, -214, 1, 1, 0, [[6999667458140031469122/119215881478287841, 585619902606525214455063589956480/41162445758498614603383889]]]
[3, -214, -1, 2, 1, [[1086, 39312], [3017864481/450241, 165859489412883/302111711]]]
[3, -214, 1, 1, 1, [[6999667458140031469122/119215881478287841, 585619902606525214455063589956480/41162445758498614603383889]]]
[3, 218, 1, 0, 0, []]
[3, -218, -1, 0, 0, []]
[3, 222, -1, 0, 0, []]
[3, -222, 1, 0, 0, []]
[3, 226, 1, 0, 0, []]
[3, -226, -1, 0, 0, []]
[3, 230, 1, 0, 0, []]
[3, -230, -1, 0, 0, []]
[3, 238, 1, 0, 0, []]
[3, -238, -1, 0, 0, []]
[3, 246, -1, 0, 0, []]
[3, -246, 1, 0, 0, []]
[3, 254, 1, 0, 0, []]
[3, -254, -1, 0, 0, []]
[3, 258, -1, 0, 0, []]
[3, -258, 1, 0, 0, []]
[3, 262, 1, 2, 0, [[-111, 22005], [-751070/1849, 1626620012/79507]]]
[3, 262, -1, 1, 0, []]
[3, 262, -1, 1, 1, [[33731899486517318422399931905/42366571772570834846351616, 1206269241509160335488351845875428809523457/275762358401935031116875016693316849664]]]
[3, -262, -1, 2, 0, [[-111, 22005], [-751070/1849, 1626620012/79507]]]
[3, -262, 1, 1, 0, []]
[3, -262, -1, 2, 1, [[-111, 22005], [-751070/1849, 1626620012/79507]]]
[3, -262, 1, 1, 1, [[33731899486517318422399931905/42366571772570834846351616, 1206269241509160335488351845875428809523457/275762358401935031116875016693316849664]]]
[3, 266, 1, 0, 0, []]
[3, -266, -1, 0, 0, []]
[3, 274, 1, 0, 0, []]
[3, -274, -1, 0, 0, []]
[3, 278, 1, 0, 0, []]
[3, -278, -1, 0, 0, []]
[3, 282, -1, 0, 0, []]
[3, -282, 1, 0, 0, []]
[3, 286, 1, 2, 0, [[-426, 23544], [-182, 25012]]]
[3, 286, -1, 1, 0, [[189785814618/20802721, 82644683193147600/94881210481]]]
[3, 286, -1, 1, 1, [[189785814618/20802721, 82644683193147600/94881210481]]]
[3, -286, -1, 2, 0, [[-426, 23544], [-182, 25012]]]
[3, -286, 1, 1, 0, [[189785814618/20802721, 82644683193147600/94881210481]]]
[3, -286, -1, 2, 1, [[-182, 25012], [-426, -23544]]]
[3, -286, 1, 1, 1, [[189785814618/20802721, 82644683193147600/94881210481]]]
[3, 290, 1, 0, 0, []]
[3, -290, -1, 0, 0, []]
[3, 298, 1, 0, 0, []]
[3, -298, -1, 0, 0, []]
[3, 302, 1, 0, 0, []]
[3, -302, -1, 0, 0, []]
[3, 310, 1, 0, 0, []]
[3, -310, -1, 0, 0, []]
[3, 314, 1, 0, 0, []]
[3, -314, -1, 0, 0, []]
[3, 318, -1, 0, 0, []]
[3, -318, 1, 0, 0, []]
[3, 322, 1, 0, 0, []]
[3, -322, -1, 0, 0, []]
[3, 326, 1, 0, 0, []]
[3, -326, -1, 0, 0, []]
[3, 330, -1, 2, 0, [[1026, 10476], [11790, 1279800]]]
[3, 330, 1, 1, 0, [[-62271/64, 3590433/512]]]
[3, 330, -1, 2, 1, [[11790, 1279800], [1026, -10476]]]
[3, 330, 1, 1, 1, [[-62271/64, 3590433/512]]]
[3, -330, 1, 2, 0, [[1026, 10476], [11790, 1279800]]]
[3, -330, -1, 1, 0, [[-62271/64, 3590433/512]]]
[3, -330, -1, 1, 1, [[-62271/64, 3590433/512]]]
[3, 334, 1, 2, 0, [[-162426/169, 23888736/2197], [-8342/9, 390988/27]]]
[3, 334, -1, 1, 0, []]
[3, 334, -1, 1, 1, [[1268598712891425180523450379675712916355324329115484642361/374735122586391239720962062240597457852552871934273600, 44594517530238489018655460115622941678936101177202263343444148827493726377721515196141/229396400914660741054000518278085612160864274555291188972015292081974077537984000]]]
[3, -334, -1, 2, 0, [[-162426/169, 23888736/2197], [-8342/9, 390988/27]]]
[3, -334, 1, 1, 0, []]
[3, -334, -1, 2, 1, [[-8342/9, 390988/27], [-162426/169, -23888736/2197]]]
[3, -334, 1, 1, 1, [[1268598712891425180523450379675712916355324329115484642361/374735122586391239720962062240597457852552871934273600, 44594517530238489018655460115622941678936101177202263343444148827493726377721515196141/229396400914660741054000518278085612160864274555291188972015292081974077537984000]]]
[3, 346, 1, 0, 0, []]
[3, -346, -1, 0, 0, []]
[3, 354, -1, 2, 0, [[1737, 63585], [30906/25, 3287196/125]]]
[3, 354, 1, 1, 0, [[5086303434/851929, 363766030143264/786330467]]]
[3, 354, -1, 2, 1, [[1737, 63585], [30906/25, 3287196/125]]]
[3, 354, 1, 1, 1, [[5086303434/851929, 363766030143264/786330467]]]
[3, -354, 1, 2, 0, [[1737, 63585], [30906/25, 3287196/125]]]
[3, -354, -1, 1, 0, [[5086303434/851929, 363766030143264/786330467]]]
[3, -354, -1, 1, 1, [[5086303434/851929, 363766030143264/786330467]]]
[3, 358, 1, 2, 0, [[-1292367/3481, 7077861189/205379], [-8706/169, 77323680/2197]]]
[3, 358, -1, 1, 0, []]
[3, 358, -1, 1, 1, [[1536290972301507238825105/263257115818809600576, 1898245554733798730415291312416620999/4271399361901520310917145613824]]]
[3, -358, -1, 2, 0, [[-1292367/3481, 7077861189/205379], [-8706/169, 77323680/2197]]]
[3, -358, 1, 1, 0, []]
[3, -358, -1, 2, 1, [[-8706/169, 77323680/2197], [-1292367/3481, -7077861189/205379]]]
[3, -358, 1, 1, 1, [[1536290972301507238825105/263257115818809600576, 1898245554733798730415291312416620999/4271399361901520310917145613824]]]
[3, 362, 1, 2, 0, [[642, 39312], [251590/1369, 1817187148/50653]]]
[3, 362, -1, 1, 0, []]
[3, 362, -1, 1, 1, [[2248221608304527208739344894625/1701454665133701546871560004, 2248283994581200106999519661382446093267426929/70182780948361248805153186283296914680008]]]
[3, -362, -1, 2, 0, [[642, 39312], [251590/1369, 1817187148/50653]]]
[3, -362, 1, 1, 0, []]
[3, -362, -1, 2, 1, [[642, 39312], [251590/1369, 1817187148/50653]]]
[3, -362, 1, 1, 1, [[2248221608304527208739344894625/1701454665133701546871560004, 2248283994581200106999519661382446093267426929/70182780948361248805153186283296914680008]]]
[3, 366, -1, 0, 0, []]
[3, -366, 1, 0, 0, []]
[3, 370, 1, 2, 0, [[-111, 36963], [-11372690/11449, 24114798100/1225043]]]
[3, 370, -1, 1, 0, [[85523138317217190/1153426596529, 25010634824887691917791000/1238753635860425833]]]
[3, 370, -1, 1, 1, [[85523138317217190/1153426596529, 25010634824887691917791000/1238753635860425833]]]
[3, -370, -1, 2, 0, [[-111, 36963], [-11372690/11449, 24114798100/1225043]]]
[3, -370, 1, 1, 0, [[85523138317217190/1153426596529, 25010634824887691917791000/1238753635860425833]]]
[3, -370, -1, 2, 1, [[-111, 36963], [-11372690/11449, 24114798100/1225043]]]
[3, -370, 1, 1, 1, [[85523138317217190/1153426596529, 25010634824887691917791000/1238753635860425833]]]
[3, 374, 1, 0, 0, []]
[3, -374, -1, 0, 0, []]
[3, 382, 1, 0, 0, []]
[3, -382, -1, 0, 0, []]
[3, 386, 1, 0, 0, []]
[3, -386, -1, 0, 0, []]
[3, 390, -1, 0, 0, []]
[3, -390, 1, 0, 0, []]
[3, 394, 1, 0, 0, []]
[3, -394, -1, 0, 0, []]
[3, 398, 1, 0, 0, []]
[3, -398, -1, 0, 0, []]
[3, 402, -1, 0, 0, []]
[3, -402, 1, 0, 0, []]
[3, 406, 1, 0, 0, []]
[3, -406, -1, 0, 0, []]
[3, 410, 1, 0, 0, []]
[3, -410, -1, 0, 0, []]
[3, 418, 1, 0, 0, []]
[3, -418, -1, 0, 0, []]
[3, 422, 1, 0, 0, []]
[3, -422, -1, 0, 0, []]
[3, 426, -1, 0, 0, []]
[3, -426, 1, 0, 0, []]
[3, 430, 1, 2, 0, [[-215, 46225], [-8657654/7225, 12676296644/614125]]]
[3, 430, -1, 1, 0, [[1046506330594533610/886567246929, 1070564380287040198600348400/834771328661667033]]]
[3, 430, -1, 1, 1, [[1046506330594533610/886567246929, 1070564380287040198600348400/834771328661667033]]]
[3, -430, -1, 2, 0, [[-215, 46225], [-8657654/7225, 12676296644/614125]]]
[3, -430, 1, 1, 0, [[1046506330594533610/886567246929, 1070564380287040198600348400/834771328661667033]]]
[3, -430, -1, 2, 1, [[-215, 46225], [-8657654/7225, 12676296644/614125]]]
[3, -430, 1, 1, 1, [[1046506330594533610/886567246929, 1070564380287040198600348400/834771328661667033]]]
[3, 434, 1, 2, 0, [[217, 47089], [721, 50813]]]
[3, 434, -1, 1, 0, [[27124566/25, 141268130136/125]]]
[3, 434, -1, 1, 1, [[27124566/25, 141268130136/125]]]
[3, -434, -1, 2, 0, [[217, 47089], [721, 50813]]]
[3, -434, 1, 1, 0, [[1510537/1156, 192358565/39304]]]
[3, -434, -1, 2, 1, [[217, 47089], [721, 50813]]]
[3, -434, 1, 1, 1, [[1510537/1156, 192358565/39304]]]
[3, 438, -1, 0, 0, []]
[3, -438, 1, 0, 0, []]
[3, 442, 1, 0, 0, []]
[3, -442, -1, 0, 0, []]
[3, 446, 1, 0, 0, []]
[3, -446, -1, 0, 0, []]
[3, 454, 1, 0, 0, []]
[3, -454, -1, 0, 0, []]
[3, 458, 1, 0, 0, []]
[3, -458, -1, 0, 0, []]
[3, 462, -1, 0, 0, []]
[3, -462, 1, 0, 0, []]
[3, 466, 1, 0, 0, []]
[3, -466, -1, 0, 0, []]
[3, 470, 1, 0, 0, []]
[3, -470, -1, 0, 0, []]
[3, 474, -1, 0, 0, []]
[3, -474, 1, 0, 0, []]
[3, 478, 1, 0, 0, []]
[3, -478, -1, 0, 0, []]
[3, 482, 1, 0, 0, []]
[3, -482, -1, 0, 0, []]
[3, 494, 1, 0, 0, []]
[3, -494, -1, 0, 0, []]
[3, 498, -1, 0, 0, []]
[3, -498, 1, 0, 0, []]
[3, 502, 1, 0, 0, []]
[3, -502, -1, 0, 0, []]
[3, 506, 1, 0, 0, []]
[3, -506, -1, 0, 0, []]
[3, 510, -1, 0, 0, []]
[3, -510, 1, 0, 0, []]
[3, 514, 1, 0, 0, []]
[3, -514, -1, 0, 0, []]
[3, 518, 1, 0, 0, []]
[3, -518, -1, 0, 0, []]
[3, 526, 1, 2, 0, [[-277305087/452929, 18541180745325/304821217], [2009578/361, 2881032308/6859]]]
[3, 526, -1, 1, 0, [[991612915757466485178/616486195601989801, 7376082254295386159505064913280/484044215409714189186406549]]]
[3, 526, -1, 1, 1, [[991612915757466485178/616486195601989801, 7376082254295386159505064913280/484044215409714189186406549]]]
[3, -526, -1, 2, 0, [[-277305087/452929, 18541180745325/304821217], [2009578/361, 2881032308/6859]]]
[3, -526, 1, 1, 0, [[991612915757466485178/616486195601989801, 7376082254295386159505064913280/484044215409714189186406549]]]
[3, -526, -1, 2, 1, [[2009578/361, 2881032308/6859], [-277305087/452929, -18541180745325/304821217]]]
[3, -526, 1, 1, 1, [[991612915757466485178/616486195601989801, 7376082254295386159505064913280/484044215409714189186406549]]]
[3, 530, 1, 0, 0, []]
[3, -530, -1, 0, 0, []]
[3, 534, -1, 0, 0, []]
[3, -534, 1, 0, 0, []]
[3, 538, 1, 0, 0, []]
[3, -538, -1, 0, 0, []]
[3, 542, 1, 0, 0, []]
[3, -542, -1, 0, 0, []]
[3, 546, -1, 2, 0, [[2961, 146853], [14742, 1788696]]]
[3, 546, 1, 1, 0, [[15561/4, 2012283/8]]]
[3, 546, -1, 2, 1, [[14742, 1788696], [2961, -146853]]]
[3, 546, 1, 1, 1, [[15561/4, 2012283/8]]]
[3, -546, 1, 2, 0, [[2961, 146853], [14742, 1788696]]]
[3, -546, -1, 1, 0, [[15561/4, 2012283/8]]]
[3, -546, -1, 1, 1, [[15561/4, 2012283/8]]]
[3, 554, 1, 0, 0, []]
[3, -554, -1, 0, 0, []]
[3, 562, 1, 0, 0, []]
[3, -562, -1, 0, 0, []]
[3, 566, 1, 2, 0, [[5377, 400445], [-7797682574/7155625, 1148736479222924/19141296875]]]
[3, 566, -1, 1, 0, [[10782213870082/226412209, 35403978589007799680/3406824508823]]]
[3, 566, -1, 1, 1, [[10782213870082/226412209, 35403978589007799680/3406824508823]]]
[3, -566, -1, 2, 0, [[5377, 400445], [-7797682574/7155625, 1148736479222924/19141296875]]]
[3, -566, 1, 1, 0, [[17326664597769/9185305600, 37519665529469975397/880319688704000]]]
[3, -566, -1, 2, 1, [[5377, 400445], [-7797682574/7155625, 1148736479222924/19141296875]]]
[3, -566, 1, 1, 1, [[17326664597769/9185305600, 37519665529469975397/880319688704000]]]
[3, 570, -1, 0, 0, []]
[3, -570, 1, 0, 0, []]
[3, 574, 1, 0, 0, []]
[3, -574, -1, 0, 0, []]
[3, 582, -1, 0, 0, []]
[3, -582, 1, 0, 0, []]
[3, 586, 1, 0, 0, []]
[3, -586, -1, 0, 0, []]
[3, 590, 1, 0, 0, []]
[3, -590, -1, 0, 0, []]
[3, 598, 1, 0, 0, []]
[3, -598, -1, 0, 0, []]
[3, 602, 1, 2, 0, [[-1050, 68796], [27778/49, 26729144/343]]]
[3, 602, -1, 1, 0, [[118078, 40574456]]]
[3, 602, -1, 1, 1, [[118078, 40574456]]]
[3, -602, -1, 2, 0, [[-1050, 68796], [1566705/676, 2380178871/17576]]]
[3, -602, 1, 1, 0, [[1277745/676, 516153897/17576]]]
[3, -602, -1, 2, 1, [[-1050, 68796], [1566705/676, 2380178871/17576]]]
[3, -602, 1, 1, 1, [[1277745/676, 516153897/17576]]]
[3, 606, -1, 0, 0, []]
[3, -606, 1, 0, 0, []]
[3, 610, 1, 0, 0, []]
[3, -610, -1, 0, 0, []]
[3, 614, 1, 0, 0, []]
[3, -614, -1, 0, 0, []]
[3, 618, -1, 0, 0, []]
[3, -618, 1, 0, 0, []]
[3, 622, 1, 2, 0, [[4209, 284715], [888582582582/672416761, 1636149596284179288/17436439029491]]]
[3, 622, -1, 1, 0, []]
[3, 622, -1, 1, 1, [[14800360626747277532932151545/6735195980668757766979584, 1121121834200646286206350141674926140006029/17479353115397068744098749497315688448]]]
[3, -622, -1, 2, 0, [[4209, 284715], [888582582582/672416761, 1636149596284179288/17436439029491]]]
[3, -622, 1, 1, 0, []]
[3, -622, -1, 2, 1, [[4209, 284715], [888582582582/672416761, 1636149596284179288/17436439029491]]]
[3, -622, 1, 1, 1, [[14800360626747277532932151545/6735195980668757766979584, 1121121834200646286206350141674926140006029/17479353115397068744098749497315688448]]]
[3, 626, 1, 2, 0, [[989706/625, 1608259104/15625], [61974313/4, 487885130155/8]]]
[3, 626, -1, 1, 0, [[355280353/181476, 2293186344785/77308776]]]
[3, 626, -1, 1, 1, [[355280353/181476, 2293186344785/77308776]]]
[3, -626, -1, 2, 0, [[989706/625, 1608259104/15625], [61974313/4, 487885130155/8]]]
[3, -626, 1, 1, 0, []]
[3, -626, -1, 2, 1, [[989706/625, 1608259104/15625], [61974313/4, 487885130155/8]]]
[3, 634, 1, 0, 0, []]
[3, -634, -1, 0, 0, []]
[3, 638, 1, 0, 0, []]
[3, -638, -1, 0, 0, []]
[3, 642, -1, 2, 0, [[127674/25, 44379468/125], [2131497/529, 2937065103/12167]]]
[3, 642, 1, 1, 0, [[-20785878/89401, 2257437071232/26730899]]]
[3, 642, -1, 2, 1, [[127674/25, 44379468/125], [2131497/529, 2937065103/12167]]]
[3, 642, 1, 1, 1, [[-20785878/89401, 2257437071232/26730899]]]
[3, -642, 1, 2, 0, [[127674/25, 44379468/125], [2131497/529, 2937065103/12167]]]
[3, -642, -1, 1, 0, [[-20785878/89401, 2257437071232/26730899]]]
[3, -642, -1, 1, 1, [[-20785878/89401, 2257437071232/26730899]]]
[3, 646, 1, 0, 0, []]
[3, -646, -1, 0, 0, []]
[3, 654, -1, 0, 0, []]
[3, -654, 1, 0, 0, []]
[3, 658, 1, 0, 0, []]
[3, -658, -1, 0, 0, []]
[3, 662, 1, 0, 0, []]
[3, -662, -1, 0, 0, []]
[3, 670, 1, 2, 0, [[105190, 34116400], [104185/49, 45675575/343]]]
[3, 670, -1, 1, 0, []]
[3, 670, -1, 1, 1, [[8194302473313539849881210/1187353994937527229201, 23165190922473084884072271282246514400/40913847936380550299461803052551]]]
[3, -670, -1, 2, 0, [[105190, 34116400], [104185/49, 45675575/343]]]
[3, -670, 1, 1, 0, []]
[3, -670, -1, 2, 1, [[105190, 34116400], [104185/49, 45675575/343]]]
[3, -670, 1, 1, 1, [[8194302473313539849881210/1187353994937527229201, 23165190922473084884072271282246514400/40913847936380550299461803052551]]]
[3, 674, 1, 0, 0, []]
[3, -674, -1, 0, 0, []]
[3, 678, -1, 0, 0, []]
[3, -678, 1, 0, 0, []]
[3, 682, 1, 2, 0, [[1302, 103788], [245641/100, 152926939/1000]]]
[3, 682, -1, 1, 0, [[69741776911612122361/5478670245441600, 581213947667045726587277140109/405520433373906166464000]]]
[3, 682, -1, 1, 1, [[69741776911612122361/5478670245441600, 581213947667045726587277140109/405520433373906166464000]]]
[3, -682, -1, 2, 0, [[1302, 103788], [245641/100, 152926939/1000]]]
[3, -682, 1, 1, 0, [[69741776911612122361/5478670245441600, 581213947667045726587277140109/405520433373906166464000]]]
[3, -682, -1, 2, 1, [[1302, 103788], [245641/100, 152926939/1000]]]
[3, -682, 1, 1, 1, [[69741776911612122361/5478670245441600, 581213947667045726587277140109/405520433373906166464000]]]
[3, 690, -1, 0, 0, []]
[3, -690, 1, 0, 0, []]
[3, 694, 1, 0, 0, []]
[3, -694, -1, 0, 0, []]
[3, 698, 1, 0, 0, []]
[3, -698, -1, 0, 0, []]
[3, 706, 1, 0, 0, []]
[3, -706, -1, 0, 0, []]
[3, 710, 1, 0, 0, []]
[3, -710, -1, 0, 0, []]
[3, 714, -1, 0, 0, []]
[3, -714, 1, 0, 0, []]
[3, 718, 1, 0, 0, []]
[3, -718, -1, 0, 0, []]
[3, 730, 1, 2, 0, [[-29352935/21904, 291706662275/3241792], [1027986/49, 1042863984/343]]]
[3, 730, -1, 3, 0, [[2865, 114075], [86286/25, 21870216/125], [266961/49, 133379541/343]]]
[3, 730, -1, 3, 1, [[2865, 114075], [86286/25, 21870216/125], [266961/49, 133379541/343]]]
[3, 730, 1, 2, 1, [[1027986/49, 1042863984/343], [-29352935/21904, -291706662275/3241792]]]
[3, -730, -1, 2, 0, [[-29352935/21904, 291706662275/3241792], [1027986/49, 1042863984/343]]]
[3, -730, 1, 3, 0, [[2865, 114075], [86286/25, 21870216/125], [266961/49, 133379541/343]]]
[3, -730, -1, 2, 1, [[1027986/49, 1042863984/343], [-29352935/21904, -291706662275/3241792]]]
[3, 734, 1, 0, 0, []]
[3, -734, -1, 0, 0, []]
[3, 742, 1, 0, 0, []]
[3, -742, -1, 0, 0, []]
[3, 746, 1, 0, 0, []]
[3, -746, -1, 0, 0, []]
[3, 754, 1, 0, 0, []]
[3, -754, -1, 0, 0, []]
[3, 758, 1, 0, 0, []]
[3, -758, -1, 0, 0, []]
[3, 762, -1, 0, 0, []]
[3, -762, 1, 0, 0, []]
[3, 766, 1, 2, 0, [[8502, 791640], [10247162986/664225, 1039015379725516/541343375]]]
[3, 766, -1, 1, 0, []]
[3, 766, -1, 1, 1, [[14467504772285268971525166027671555181389613493889756888150625864742415780058641507022448798703569/457157204851871521581812897777699874284055401978423574770656044978459147243438285519242817600, 55018316024693321389346408825463904364725646141254372881645450261405026581441602326446030738966478080435670606614196817787973568810934267086486503/9774585572505600700406860685800450263108577978473729964976945299548389989558026949181292081695557557705450430208366480769491297731247424000]]]
[3, -766, -1, 2, 0, [[8502, 791640], [10247162986/664225, 1039015379725516/541343375]]]
[3, -766, 1, 1, 0, []]
[3, -766, -1, 2, 1, [[8502, 791640], [10247162986/664225, 1039015379725516/541343375]]]
[3, 1, 1, 0, 0, []]
[3, 2, -1, 1, 0, [[10, 28]]]
[3, -6, -1, 1, 0, [[9, 81]]]
[3, 10, -1, 1, 0, [[946/9, 28756/27]]]
[3, 14, -1, 1, 0, [[217, 3185]]]
[3, 15, -1, 0, 0, []]
[3, -15, -1, 0, 0, []]
[3, 17, -1, 0, 0, []]
[3, -17, -1, 0, 0, []]
[3, 22, -1, 1, 0, [[15042/169, 1419768/2197]]]
[3, 23, -1, 1, 0, [[1630580901/1385329, 65836961140860/1630532233]]]
[3, 23, 1, 1, 0, [[309243/5041, 267685236/357911]]]
[3, -23, -1, 1, 0, [[309243/5041, 267685236/357911]]]
[3, -23, 1, 1, 0, [[1630580901/1385329, 65836961140860/1630532233]]]
[3, 29, -1, 0, 0, []]
[3, -29, -1, 0, 0, []]
[3, -30, -1, 1, 0, [[-54, 756]]]
[3, 31, -1, 1, 0, [[232751689/680625, 3515014198738/561515625]]]
[3, 31, 1, 1, 0, [[3751/25, 255626/125]]]
[3, -31, -1, 1, 0, [[3751/25, 255626/125]]]
[3, -31, 1, 1, 0, [[1078043817/5466244, 33488854267275/12780078472]]]
[3, 33, -1, 1, 0, [[3987, 251748]]]
[3, 33, 1, 1, 0, [[333, 6156]]]
[3, -33, -1, 1, 0, [[333, 6156]]]
[3, -33, 1, 1, 0, [[3987, 251748]]]
[3, 34, -1, 1, 0, [[22820554/50625, 108382412908/11390625]]]
[3, 35, -1, 1, 0, [[189609/1156, 70911477/39304]]]
[3, 35, 1, 1, 0, [[70, 1225]]]
[3, -35, -1, 1, 0, [[70, 1225]]]
[3, -35, 1, 1, 0, [[240205/361, 117494650/6859]]]
[3, 37, -1, 2, 0, [[148, 1369], [786, 22005]]]
[3, 37, 1, 0, 0, []]
[3, -37, -1, 0, 0, []]
[3, 39, -1, 0, 0, []]
[3, -39, -1, 0, 0, []]
[3, 41, -1, 0, 0, []]
[3, -41, -1, 0, 0, []]
[3, -42, -1, 1, 0, [[-63, 1323]]]
[3, 43, -1, 1, 0, [[648101977/549081, 16488508295728/406869021]]]
[3, 43, 1, 1, 0, [[-1118/9, 12943/27]]]
[3, -43, -1, 1, 0, [[-1118/9, 12943/27]]]
[3, -43, 1, 1, 0, [[648101977/549081, 16488508295728/406869021]]]
[3, 46, -1, 1, 0, [[97338, 30368520]]]
[3, 47, -1, 1, 0, []]
[3, 47, 1, 1, 0, [[-2517/1369, 84807324/50653]]]
[3, -47, -1, 1, 0, [[-2517/1369, 84807324/50653]]]
[3, -47, 1, 1, 0, []]
[3, 51, -1, 0, 0, []]
[3, -51, -1, 0, 0, []]
[3, 53, -1, 0, 0, []]
[3, -53, -1, 0, 0, []]
[3, 55, -1, 1, 0, [[3821067045819885/6386674132969, 233708044753751975883000/16140319842075528203]]]
[3, 55, 1, 1, 0, [[9889/64, 1464463/512]]]
[3, -55, -1, 1, 0, [[9889/64, 1464463/512]]]
[3, -55, 1, 1, 0, [[3821067045819885/6386674132969, 233708044753751975883000/16140319842075528203]]]
[3, 57, -1, 1, 0, [[475, 10108]]]
[3, 57, 1, 1, 0, [[10089/16, 1023435/64]]]
[3, -57, -1, 1, 0, [[10089/16, 1023435/64]]]
[3, -57, 1, 1, 0, [[475, 10108]]]
[3, 58, -1, 1, 0, [[142222930/3249, 1696111577468/185193]]]
[3, 59, -1, 1, 0, []]
[3, 59, 1, 1, 0, [[1551, 61128]]]
[3, -59, -1, 1, 0, [[1551, 61128]]]
[3, -59, 1, 1, 0, []]
[3, 61, -1, 0, 0, []]
[3, -61, -1, 2, 0, [[249, 4644], [-7991/100, 2370277/1000]]]
[3, -61, 1, 0, 0, []]
[3, 62, -1, 1, 0, [[5203291038/9357481, 368242649420724/28624534379]]]
[3, 65, -1, 2, 0, [[1599, 63882], [10959/49, 666198/343]]]
[3, 65, 1, 0, 0, []]
[3, -65, -1, 0, 0, []]
[3, -66, -1, 1, 0, [[234, 4536]]]
[3, 67, -1, 1, 0, [[1186905/1936, 1270086237/85184]]]
[3, 67, 1, 1, 0, [[-9782/49, 139159/343]]]
[3, -67, -1, 1, 0, [[-9782/49, 139159/343]]]
[3, -67, 1, 1, 0, [[1186905/1936, 1270086237/85184]]]
[3, 69, -1, 1, 0, [[639, 15876]]]
[3, 69, 1, 1, 0, [[10593, 1090260]]]
[3, -69, -1, 1, 0, [[10593, 1090260]]]
[3, -69, 1, 1, 0, [[639, 15876]]]
[3, 70, -1, 1, 0, [[7014, 587412]]]
[3, 71, -1, 1, 0, [[1419477/529, 1690767540/12167]]]
[3, 71, 1, 1, 0, [[-680966608151157/3305913059089, 5777201470631799611340/6010867324557624313]]]
[3, -71, -1, 1, 0, [[-680966608151157/3305913059089, 5777201470631799611340/6010867324557624313]]]
[3, -71, 1, 1, 0, [[1419477/529, 1690767540/12167]]]
[3, 73, -1, 0, 0, []]
[3, -73, -1, 0, 0, []]
[3, 74, -1, 1, 0, [[1517073/2209, 1836742635/103823]]]
[3, 77, -1, 0, 0, []]
[3, -77, -1, 0, 0, []]
[3, 79, -1, 1, 0, [[553, 12482]]]
[3, 79, 1, 1, 0, [[13913843479/9703225, 1644935489151058/30225545875]]]
[3, -79, -1, 1, 0, [[-27943544487/205234276, 9657077992115715/2940186237976]]]
[3, -79, 1, 1, 0, [[553, 12482]]]
[3, 82, -1, 1, 0, [[3616131073029368650/10028760449402601, 5680689952668306026692533292/1004317167788078804361099]]]
[3, 83, -1, 1, 0, []]
[3, 83, 1, 1, 0, [[183, 4644]]]
[3, -83, -1, 1, 0, [[183, 4644]]]
[3, -83, 1, 1, 0, []]
[3, 85, -1, 0, 0, []]
[3, -85, -1, 0, 0, []]
[3, 86, -1, 1, 0, [[29842/49, 4955320/343]]]
[3, 87, -1, 0, 0, []]
[3, -87, -1, 0, 0, []]
[3, 89, -1, 0, 0, []]
[3, -89, -1, 0, 0, []]
[3, 91, -1, 1, 0, [[19461/25, 2655666/125]]]
[3, 91, 1, 1, 0, [[78, 4563]]]
[3, -91, -1, 1, 0, [[78, 4563]]]
[3, -91, 1, 1, 0, [[25753/36, 4016285/216]]]
[3, 93, -1, 1, 0, [[1395, 51894]]]
[3, 93, 1, 1, 0, [[20925/121, 6901902/1331]]]
[3, -93, -1, 1, 0, [[20925/121, 6901902/1331]]]
[3, -93, 1, 1, 0, [[1395, 51894]]]
[3, 94, -1, 1, 0, [[775840924205956218/64359591688249, 683370530239614118213624200/516321155822251372307]]]
[3, 95, -1, 1, 0, [[88438065/153664, 779554581975/60236288]]]
[3, 95, 1, 1, 0, [[745579/729, 650712608/19683]]]
[3, -95, -1, 1, 0, [[-4950735/50176, 52943023575/11239424]]]
[3, -95, 1, 1, 0, [[3911701/3481, 7673205176/205379]]]
[3, 97, -1, 0, 0, []]
[3, -97, -1, 0, 0, []]
[3, 101, -1, 0, 0, []]
[3, -101, -1, 0, 0, []]
[3, -102, -1, 1, 0, [[4050, 257796]]]
[3, 103, -1, 1, 0, []]
[3, 103, 1, 1, 0, [[3875536401/1768900, 241605076664601/2352637000]]]
[3, -103, -1, 1, 0, [[-309150689/1590121, 9437975503390/2005142581]]]
[3, -103, 1, 1, 0, []]
[3, 105, -1, 1, 0, [[2961/4, 154791/8]]]
[3, 105, 1, 1, 0, [[5985, 463050]]]
[3, -105, -1, 1, 0, [[5985, 463050]]]
[3, -105, 1, 1, 0, [[2961/4, 154791/8]]]
[3, 106, -1, 1, 0, [[1148688088306/3281571225, 615863082083919796/187984807624125]]]
[3, 107, -1, 1, 0, [[12567850772014977/381388999489, 1408936182582618308232432/235533260247423263]]]
[3, 107, 1, 1, 0, [[-54370977/187489, 239293356624/81182737]]]
[3, -107, -1, 1, 0, [[-54370977/187489, 239293356624/81182737]]]
[3, -107, 1, 1, 0, [[12567850772014977/381388999489, 1408936182582618308232432/235533260247423263]]]
[3, 109, -1, 0, 0, []]
[3, -109, -1, 0, 0, []]
[3, 111, -1, 0, 0, []]
[3, -111, -1, 2, 0, [[99, 6156], [3663, 221778]]]
[3, -111, 1, 0, 0, []]
[3, 113, -1, 0, 0, []]
[3, -113, -1, 0, 0, []]
[3, 115, -1, 1, 0, []]
[3, 115, 1, 1, 0, [[184, 6877]]]
[3, -115, -1, 1, 0, [[184, 6877]]]
[3, -115, 1, 1, 0, []]
[3, 119, -1, 1, 0, [[156155657721/31696900, 61695564237567981/178453547000]]]
[3, 119, 1, 1, 0, [[-20391/100, 6084477/1000]]]
[3, -119, -1, 1, 0, [[-20391/100, 6084477/1000]]]
[3, -119, 1, 1, 0, [[156155657721/31696900, 61695564237567981/178453547000]]]
[3, 122, -1, 1, 0, [[1739586993/1442401, 71534212850331/1732323601]]]
[3, 123, -1, 0, 0, []]
[3, -123, -1, 0, 0, []]
[3, 127, -1, 1, 0, [[11404473889/10323369, 1192661707736330/33168984597]]]
[3, 127, 1, 1, 0, [[90423829175983/210871068849, 1121579136547258870286/96833470912942743]]]
[3, -127, -1, 1, 0, [[210779775860865/1344611861476, 11992334033898950657121/1559176954659171224]]]
[3, -127, 1, 1, 0, [[11404473889/10323369, 1192661707736330/33168984597]]]
[3, 129, -1, 1, 0, [[16512129/1600, 67095463617/64000]]]
[3, 129, 1, 1, 0, [[-88623/256, 16624359/4096]]]
[3, -129, -1, 1, 0, [[-88623/256, 16624359/4096]]]
[3, -129, 1, 1, 0, [[657427/1521, 283192840/59319]]]
[3, 130, -1, 1, 0, [[344865/121, 202263075/1331]]]
[3, 131, -1, 1, 0, []]
[3, 131, 1, 1, 0, [[147522/121, 57602205/1331]]]
[3, -131, -1, 1, 0, [[147522/121, 57602205/1331]]]
[3, -131, 1, 1, 0, []]
[3, 133, -1, 0, 0, []]
[3, -133, -1, 0, 0, []]
[3, 134, -1, 1, 0, [[1015623922/755161, 31931664211720/656234909]]]
[3, 137, -1, 0, 0, []]
[3, -137, -1, 0, 0, []]
[3, -138, -1, 1, 0, [[18, 8424]]]
[3, 139, -1, 1, 0, []]
[3, 139, 1, 1, 0, [[1807, 77284]]]
[3, -139, -1, 1, 0, [[1807, 77284]]]
[3, -139, 1, 1, 0, []]
[3, 141, -1, 1, 0, [[666, 14823]]]
[3, 141, 1, 1, 0, [[165682161/316969, 2637872858628/178453547]]]
[3, -141, -1, 1, 0, [[165682161/316969, 2637872858628/178453547]]]
[3, -141, 1, 1, 0, [[666, 14823]]]
[3, 142, -1, 1, 0, [[858, 23544]]]
[3, 143, -1, 1, 0, [[415457858013/470759809, 251938845686008404/10214075575873]]]
[3, 143, 1, 1, 0, [[243507/529, 161638092/12167]]]
[3, -143, -1, 1, 0, [[243507/529, 161638092/12167]]]
[3, -143, 1, 1, 0, [[415457858013/470759809, 251938845686008404/10214075575873]]]
[3, 145, -1, 0, 0, []]
[3, -145, -1, 0, 0, []]
[3, 146, -1, 1, 0, [[11078134213546/23936731225, 14391960965188741844/3703371371475875]]]
[3, 149, -1, 0, 0, []]
[3, -149, -1, 0, 0, []]
[3, 11, 1, 1, 1, [[-6, 189]]]
[3, -11, 1, 1, 1, [[55977/1369, 9121140/50653]]]
[3, 33, -1, 1, 1, [[3987, 251748]]]
[3, -33, -1, 1, 1, [[333, 6156]]]
[3, -33, 1, 1, 1, [[3987, 251748]]]
[3, 57, -1, 1, 1, [[475, 10108]]]
[3, -57, -1, 1, 1, [[10089/16, 1023435/64]]]
[3, 69, -1, 1, 1, [[639, 15876]]]
[3, -69, -1, 1, 1, [[10593, 1090260]]]
[3, -69, 1, 1, 1, [[639, 15876]]]
[3, -78, 1, 2, 1, [[585, 13689], [1962, 86832]]]
[3, 35, -1, 1, 1, [[189609/1156, 70911477/39304]]]
[3, 35, 1, 1, 1, [[70, 1225]]]
[3, 55, -1, 1, 1, [[3821067045819885/6386674132969, 233708044753751975883000/16140319842075528203]]]
[3, -55, -1, 1, 1, [[9889/64, 1464463/512]]]
[3, -55, 1, 1, 1, [[3821067045819885/6386674132969, 233708044753751975883000/16140319842075528203]]]
[3, 95, -1, 1, 1, [[88438065/153664, 779554581975/60236288]]]
[3, 95, 1, 1, 1, [[745579/729, 650712608/19683]]]
[3, 19, 1, 1, 1, [[-38, 361]]]
[3, -19, 1, 1, 1, [[4213497/55696, 6542819955/13144256]]]
[3, 23, -1, 1, 1, [[1630580901/1385329, 65836961140860/1630532233]]]
[3, -23, -1, 1, 1, [[309243/5041, 267685236/357911]]]
[3, 31, -1, 1, 1, [[232751689/680625, 3515014198738/561515625]]]
[3, -31, -1, 1, 1, [[3751/25, 255626/125]]]
[3, -35, -1, 1, 1, [[70, 1225]]]
[3, -35, 1, 1, 1, [[240205/361, 117494650/6859]]]
[3, 43, -1, 1, 1, [[648101977/549081, 16488508295728/406869021]]]
[3, -43, -1, 1, 1, [[-1118/9, 12943/27]]]
[3, 47, -1, 1, 1, [[259838670737929088937385/159921389549144456464, 132407845858630923483525456541790699/2022366357289881605355823397312]]]
[3, -47, -1, 1, 1, [[-2517/1369, 84807324/50653]]]
[3, 59, -1, 1, 1, [[102842836435695828913081/581022425251533697600, 243400920638758209104087744544979/14005200874944663560797235776000]]]
[3, -59, -1, 1, 1, [[1551, 61128]]]
[3, 67, -1, 1, 1, [[1186905/1936, 1270086237/85184]]]
[3, -67, -1, 1, 1, [[-9782/49, 139159/343]]]
[3, 71, -1, 1, 1, [[1419477/529, 1690767540/12167]]]
[3, -71, -1, 1, 1, [[-680966608151157/3305913059089, 5777201470631799611340/6010867324557624313]]]
[3, 79, -1, 1, 1, [[553, 12482]]]
[3, -79, -1, 1, 1, [[-27943544487/205234276, 9657077992115715/2940186237976]]]
[3, 83, -1, 1, 1, [[7610344827383500896038841367395912025/30480287326243760263578035699232144, 1896338849293772310605343706232372868760983063847642147/5321432833738906782111320861177229878195648731822272]]]
[3, -83, -1, 1, 1, [[183, 4644]]]
[3, 91, -1, 1, 1, [[19461/25, 2655666/125]]]
[3, 91, 1, 1, 1, [[78, 4563]]]
[3, 93, -1, 1, 1, [[1395, 51894]]]
[3, -93, -1, 1, 1, [[20925/121, 6901902/1331]]]
[3, -95, -1, 1, 1, [[-4950735/50176, 52943023575/11239424]]]
[3, 103, -1, 1, 1, [[11045253593016231964545/15630239058692361796, 1111230878366871889547084229461409/61794301950682468498088486344]]]
[3, -103, -1, 1, 1, [[-309150689/1590121, 9437975503390/2005142581]]]
[3, 105, -1, 1, 1, [[2961/4, 154791/8]]]
[3, -105, -1, 1, 1, [[5985, 463050]]]
[3, -105, 1, 1, 1, [[2961/4, 154791/8]]]
[3, 107, -1, 1, 1, [[12567850772014977/381388999489, 1408936182582618308232432/235533260247423263]]]
[3, -107, -1, 1, 1, [[-54370977/187489, 239293356624/81182737]]]
[3, 115, -1, 1, 1, [[967655230881108562133881/406805524919373891600, 950424062496159818393822375573414221/8205031710094301613176773464000]]]
[3, -115, -1, 1, 1, [[184, 6877]]]
[3, 119, -1, 1, 1, [[156155657721/31696900, 61695564237567981/178453547000]]]
[3, -119, -1, 1, 1, [[-20391/100, 6084477/1000]]]
[3, 141, -1, 1, 1, [[666, 14823]]]
[3, -141, -1, 1, 1, [[165682161/316969, 2637872858628/178453547]]]
[3, -43, 1, 1, 1, [[648101977/549081, 16488508295728/406869021]]]
[3, -67, 1, 1, 1, [[1186905/1936, 1270086237/85184]]]
[3, 69, 1, 1, 1, [[10593, 1090260]]]
[3, 119, 1, 1, 1, [[-20391/100, 6084477/1000]]]
[3, -766, 1, 1, 1, [[14467504772285268971525166027671555181389613493889756888150625864742415780058641507022448798703569/457157204851871521581812897777699874284055401978423574770656044978459147243438285519242817600, 55018316024693321389346408825463904364725646141254372881645450261405026581441602326446030738966478080435670606614196817787973568810934267086486503/9774585572505600700406860685800450263108577978473729964976945299548389989558026949181292081695557557705450430208366480769491297731247424000]]]
[3, 770, 1, 0, 0, []]
[3, -770, -1, 0, 0, []]
[3, 778, 1, 0, 0, []]
[3, -778, -1, 0, 0, []]
[3, 782, 1, 2, 0, [[102918/169, 251818416/2197], [8896593/9409, 107047929051/912673]]]
[3, 782, -1, 1, 0, []]
[3, 782, -1, 1, 1, [[169320891320185856138601785721844825/1510100641026712816862008783104, 69672890762101449259231878935680886151786306945300061/1855704572581173192006805974842245116300791808]]]
[3, -782, -1, 2, 0, [[102918/169, 251818416/2197], [8896593/9409, 107047929051/912673]]]
[3, -782, 1, 1, 0, []]
[3, -782, -1, 2, 1, [[102918/169, 251818416/2197], [8896593/9409, 107047929051/912673]]]
[3, -782, 1, 1, 1, [[169320891320185856138601785721844825/1510100641026712816862008783104, 69672890762101449259231878935680886151786306945300061/1855704572581173192006805974842245116300791808]]]
[3, 786, -1, 2, 0, [[6246, 480168], [1594282/361, 1853491364/6859]]]
[3, 786, 1, 1, 0, [[1133447274/6345361, 1830604729472064/15983964359]]]
[3, 786, -1, 2, 1, [[6246, 480168], [1594282/361, 1853491364/6859]]]
[3, 786, 1, 1, 1, [[1133447274/6345361, 1830604729472064/15983964359]]]
[3, -786, 1, 2, 0, [[6246, 480168], [1594282/361, 1853491364/6859]]]
[3, -786, -1, 1, 0, [[1133447274/6345361, 1830604729472064/15983964359]]]
[3, -786, -1, 1, 1, [[1133447274/6345361, 1830604729472064/15983964359]]]
[3, 790, 1, 0, 0, []]
[3, -790, -1, 0, 0, []]
[3, 794, 1, 0, 0, []]
[3, -794, -1, 0, 0, []]
[3, 798, -1, 0, 0, []]
[3, -798, 1, 0, 0, []]
[3, 802, 1, 0, 0, []]
[3, -802, -1, 0, 0, []]
[3, 806, 1, 0, 0, []]
[3, -806, -1, 0, 0, []]
[3, 814, 1, 2, 0, [[-1119, 114723], [411433/4, 263907413/8]]]
[3, 814, -1, 1, 0, [[1168353316801/343731600, 1001719004210184799/6372783864000]]]
[3, 814, -1, 1, 1, [[1168353316801/343731600, 1001719004210184799/6372783864000]]]
[3, -814, -1, 2, 0, [[-1119, 114723], [411433/4, 263907413/8]]]
[3, -814, 1, 1, 0, [[1168353316801/343731600, 1001719004210184799/6372783864000]]]
[3, -814, -1, 2, 1, [[-1119, 114723], [411433/4, 263907413/8]]]
[3, -814, 1, 1, 1, [[1168353316801/343731600, 1001719004210184799/6372783864000]]]
[3, 818, 1, 0, 0, []]
[3, -818, -1, 0, 0, []]
[3, 822, -1, 0, 0, []]
[3, -822, 1, 0, 0, []]
[3, 826, 1, 2, 0, [[-1722, 100548], [240289/81, 148190651/729]]]
[3, 826, -1, 1, 0, [[32999041295598/11293525441, 118390424362652680560/1200174242140511]]]
[3, 826, -1, 1, 1, [[32999041295598/11293525441, 118390424362652680560/1200174242140511]]]
[3, -826, -1, 2, 0, [[-1722, 100548], [240289/81, 148190651/729]]]
[3, -826, 1, 1, 0, [[32999041295598/11293525441, 118390424362652680560/1200174242140511]]]
[3, -826, -1, 2, 1, [[-1722, 100548], [240289/81, 148190651/729]]]
[3, -826, 1, 1, 1, [[32999041295598/11293525441, 118390424362652680560/1200174242140511]]]
[3, 830, 1, 0, 0, []]
[3, -830, -1, 0, 0, []]
[3, 834, -1, 0, 0, []]
[3, -834, 1, 0, 0, []]
[3, 838, 1, 0, 0, []]
[3, -838, -1, 0, 0, []]
[3, 842, 1, 0, 0, []]
[3, -842, -1, 0, 0, []]
[3, 854, 1, 0, 0, []]
[3, -854, -1, 0, 0, []]
[3, 858, -1, 2, 0, [[4302, 250128], [6930, 561924]]]
[3, 858, 1, 1, 0, [[82098, 23523696]]]
[3, 858, -1, 2, 1, [[6930, 561924], [4302, -250128]]]
[3, 858, 1, 1, 1, [[82098, 23523696]]]
[3, -858, 1, 2, 0, [[4302, 250128], [6930, 561924]]]
[3, -858, -1, 1, 0, [[82098, 23523696]]]
[3, -858, -1, 1, 1, [[82098, 23523696]]]
[3, 862, 1, 0, 0, []]
[3, -862, -1, 0, 0, []]
[3, 866, 1, 0, 0, []]
[3, -866, -1, 0, 0, []]
[3, 870, -1, 0, 0, []]
[3, -870, 1, 0, 0, []]
[3, 874, 1, 0, 0, []]
[3, -874, -1, 0, 0, []]
[3, 878, 1, 0, 0, []]
[3, -878, -1, 0, 0, []]
[3, 886, 1, 0, 0, []]
[3, -886, -1, 0, 0, []]
[3, 890, 1, 0, 0, []]
[3, -890, -1, 0, 0, []]
[3, 894, -1, 0, 0, []]
[3, -894, 1, 0, 0, []]
[3, 898, 1, 0, 0, []]
[3, -898, -1, 0, 0, []]
[3, 902, 1, 0, 0, []]
[3, -902, -1, 0, 0, []]
[3, 906, -1, 0, 0, []]
[3, -906, 1, 0, 0, []]
[3, 910, 1, 0, 0, []]
[3, -910, -1, 0, 0, []]
[3, 914, 1, 0, 0, []]
[3, -914, -1, 0, 0, []]
[3, 922, 1, 0, 0, []]
[3, -922, -1, 0, 0, []]
[3, 926, 1, 0, 0, []]
[3, -926, -1, 0, 0, []]
[3, 930, -1, 0, 0, []]
[3, -930, 1, 0, 0, []]
[3, 934, 1, 0, 0, []]
[3, -934, -1, 0, 0, []]
[3, 938, 1, 0, 0, []]
[3, -938, -1, 0, 0, []]
[3, 942, -1, 0, 0, []]
[3, -942, 1, 0, 0, []]
[3, 946, 1, 0, 0, []]
[3, -946, -1, 0, 0, []]
[3, 958, 1, 0, 0, []]
[3, -958, -1, 0, 0, []]
[3, 962, 1, 0, 0, []]
[3, -962, -1, 0, 0, []]
[3, 966, -1, 0, 0, []]
[3, -966, 1, 0, 0, []]
[3, 970, 1, 2, 0, [[7890, 718200], [42399972834/2569609, 8754597502013448/4119083227]]]
[3, 970, -1, 1, 0, [[980185/36, 969832675/216]]]
[3, 970, -1, 1, 1, [[980185/36, 969832675/216]]]
[3, -970, -1, 2, 0, [[7890, 718200], [-7623569015/4761124, 1488782356032475/10388772568]]]
[3, -970, 1, 1, 0, [[980185/36, 969832675/216]]]
[3, -970, -1, 2, 1, [[7890, 718200], [-7623569015/4761124, 1488782356032475/10388772568]]]
[3, 974, 1, 0, 0, []]
[3, -974, -1, 0, 0, []]
[3, 978, -1, 0, 0, []]
[3, -978, 1, 0, 0, []]
[3, 982, 1, 0, 0, []]
[3, -982, -1, 0, 0, []]
[3, 986, 1, 0, 0, []]
[3, -986, -1, 0, 0, []]
[3, 994, 1, 0, 0, []]
[3, -994, -1, 0, 0, []]
[3, 998, 1, 0, 0, []]
[3, -998, -1, 0, 0, []]
[3, 1002, -1, 2, 0, [[117081, 40061385], [529182/169, 130695768/2197]]]
[3, 1002, 1, 1, 0, [[-28338239806478550702/12920320334402569, 189282478859325255789043059744/1468621635678573104831003]]]
[3, 1002, -1, 2, 1, [[117081, 40061385], [529182/169, 130695768/2197]]]
[3, 1002, 1, 1, 1, [[-28338239806478550702/12920320334402569, 189282478859325255789043059744/1468621635678573104831003]]]
[3, -1002, 1, 2, 0, [[117081, 40061385], [529182/169, 130695768/2197]]]
[3, -1002, -1, 1, 0, [[-28338239806478550702/12920320334402569, 189282478859325255789043059744/1468621635678573104831003]]]
[3, -1002, -1, 1, 1, [[-28338239806478550702/12920320334402569, 189282478859325255789043059744/1468621635678573104831003]]]
[3, 1006, 1, 0, 0, []]
[3, -1006, -1, 0, 0, []]
[3, 1010, 1, 0, 0, []]
[3, -1010, -1, 0, 0, []]
[3, 1018, 1, 0, 0, []]
[3, -1018, -1, 0, 0, []]
[3, 1022, 1, 0, 0, []]
[3, -1022, -1, 0, 0, []]
[3, 1030, 1, 0, 0, []]
[3, -1030, -1, 0, 0, []]
[3, 1034, 1, 0, 0, []]
[3, -1034, -1, 0, 0, []]
[3, 1038, -1, 0, 0, []]
[3, -1038, 1, 0, 0, []]
[3, 1042, 1, 0, 0, []]
[3, -1042, -1, 0, 0, []]
[3, 1046, 1, 2, 0, [[-473838/169, 206787924/2197], [21352521/4900, 115631375931/343000]]]
[3, 1046, -1, 1, 0, []]
[3, 1046, -1, 1, 1, [[5775748075571225901515467157255084051956403367239388990112945138/276196786741110389411361853137269217554909721169676727745401, 438205048949865174488403240879232611032189680948741542571442461164452202490077708099601882395760/145153640506570928639174955641769050236368771349420282000569844513680722129337984795553101]]]
[3, -1046, -1, 2, 0, [[85249, 24891139], [2088862/2601, 23512552840/132651]]]
[3, -1046, 1, 1, 0, []]
[3, -1046, -1, 2, 1, [[85249, 24891139], [2088862/2601, 23512552840/132651]]]
[3, -1046, 1, 1, 1, [[11263738663737652058191761221316878491996525165950420200164622721/2346578660983566682381746492404557001562665708512879263120400, 1014782343794679605310298743406026646452878451807063777790650753169675510755991932672803391740481/3594617427487832180954555026899855755540963467931314915959694169722126151820361026836392000]]]
[3, 1054, 1, 0, 0, []]
[3, -1054, -1, 0, 0, []]
[3, 1066, 1, 0, 0, []]
[3, -1066, -1, 0, 0, []]
[3, 1070, 1, 2, 0, [[7590, 685800], [4077344865/900601, 303225430997475/854670349]]]
[3, 1070, -1, 1, 0, []]
[3, 1070, -1, 1, 1, [[35961823539741302529088330626375352324299279118018935529/2092878398605267276848926930327640034056380731945216, 214952354680883881327937209945949638394699477087145822425936665202985972782031689333/95744975694604667064069017313956337043516861315906307408444983265503415668736]]]
[3, -1070, -1, 2, 0, [[7590, 685800], [4077344865/900601, 303225430997475/854670349]]]
[3, -1070, 1, 1, 0, []]
[3, -1070, -1, 2, 1, [[7590, 685800], [4077344865/900601, 303225430997475/854670349]]]
[3, -1070, 1, 1, 1, [[35961823539741302529088330626375352324299279118018935529/2092878398605267276848926930327640034056380731945216, 214952354680883881327937209945949638394699477087145822425936665202985972782031689333/95744975694604667064069017313956337043516861315906307408444983265503415668736]]]
