#RIGID tag D a b c Nmin N rank nfac
rigid -7 -9 -8 -20 49 49 0 2
rigid -8 1 -3 1 256 256 1 2
rigid -11 7 -13 7 121 7744 1 1
rigid -12 6 -3 0 36 36 0 2
rigid -16 -6 1 0 32 32 0 2
rigid -19 9 -125 293 361 23104 1 1
rigid -27 -9 -93 -173 27 1728 1 1
rigid -28 -15 -520 -2736 49 49 0 2
rigid -43 9 -3413 67365 1849 118336 1 1
rigid -67 9 -29453 1859813 4489 287296 1 1
rigid -163 9 -8697653 9847000525 26569 1700416 1 1
#J0 tag B a b c Nmin N rank nfac
j0 1 0 0 1 36 36 0 2
j0 2 0 0 2 27 1728 1 1
j0 3 0 0 3 972 3888 1 1
j0 4 0 0 4 108 108 0 1
j0 5 0 0 5 2700 2700 1 1
j0 6 0 0 6 243 15552 0 1
j0 7 0 0 7 5292 21168 0 1
j0 9 0 0 9 972 972 1 1
j0 10 0 0 10 225 14400 1 1
j0 11 0 0 11 13068 52272 1 1
j0 12 0 0 12 972 3888 1 1
j0 13 0 0 13 18252 18252 0 1
j0 14 0 0 14 1323 84672 0 1
j0 15 0 0 15 24300 97200 2 1
j0 17 0 0 17 10404 10404 2 1
j0 18 0 0 18 243 15552 1 1
j0 19 0 0 19 12996 51984 1 1
j0 20 0 0 20 2700 2700 0 1
#J1728 tag A a b c Nmin N rank nfac
j1728 -10 0 -10 0 6400 6400 1 2
j1728 -7 0 -7 0 1568 3136 1 2
j1728 -6 0 -6 0 2304 2304 1 2
j1728 -5 0 -5 0 800 800 1 2
j1728 -3 0 -3 0 288 576 0 2
j1728 -2 0 -2 0 256 256 1 2
j1728 -1 0 -1 0 32 32 0 3
j1728 1 0 1 0 32 64 0 2
j1728 2 0 2 0 256 256 0 2
j1728 3 0 3 0 288 288 1 2
j1728 5 0 5 0 800 1600 1 2
j1728 6 0 6 0 2304 2304 0 2
j1728 7 0 7 0 1568 1568 0 2
j1728 10 0 10 0 6400 6400 0 2
