### run started
=== 11a1  f = x^3 + (-11)x^2 + (-1)x + (-83)
INFO discf=-644204 rootsQ2=0
SWEEP twists=91867 time=596
P 3 1 -1 -15 -318 ssss 4
P 5 1 -43 -5 -15 ssss 4
P 7 -3 -1 14 -14 ssss 4
P 11 14 0 11 22 s-sd 3
P 13 -1 -5 182 -26 ssss 4
P 17 -1 -3 -34 -119 ssss 4
P 19 1 -1 -38 -114 ssss 4
P 23 -5 -1 -782 -23 ssss 4
P 29 34 -14 29 -58 ssss 4
P 31 -43 -1 -1054 -31 dsss 4
P 37 -1 -5 -37 -6142 ssss 4
P 41 43 -3 -82 -1230 dsss 4
P 43 14 -14 43 -43 ssss 4
P 47 -43 29 329 -94 dddd 4
P 53 29 -94 -318 -1113 dddd 4
P 59 1 -1 -826 -59 ssdd 4
P 61 -14 29 -61 -366 sdss 4
P 67 1 -23 -201 -67 ssdd 4
P 71 79 -1 -994 -71 dsdd 4
P 73 -1 -5 -146 -511 ssss 4
P 79 -78 -26 79 -158 ssss 4
P 83 -14 -26 -166 -83 ssss 4
P 89 -1 14 -89 -267 ssdd 4
P 97 -1 -5 -97 -485 ssdd 4
P 101 -1 29 -606 -202 sdss 4
P 103 238 -238 50882 -103 dddd 4
P 107 -15 -3 -2247 -1070 ssss 4
P 109 -26 -14 -109 -654 ssss 4
P 113 -1 -5 -113 -339 ssdd 4
P 127 -5 -1 -1270 -254 ssss 4
P 131 1 29 -262 -4585 sdss 4
P 137 -1 -3 137 -411 ssdd 4
P 139 1 -5 -1390 3614 ssss 4
P 149 -1 -3 -894 8642 ssss 4
P 151 29 26 -1057 -302 dsss 4
P 157 -1 -23 -157 -3611 ssdd 4
P 163 43 -43 -1141 326 dddd 4
P 167 -5 -1 -6513 -334 ssss 4
P 173 -14 -58 -3633 14186 ssss 4
P 179 14 -3 3938 -179 ssdd 4
P 181 -1 -61 -181 -4163 sddd 4
P 191 43 -1 -2674 -191 dsdd 4
P 193 -14 79 -193 -965 sdss 4
P 197 29 -58 -1182 -394 ssss 4
P 199 29 83 2786 -6567 dddd 4
ODD full=44/45 cheap=148 desc=54 time=11467
TWO [1, 3, -3, -1, -14, 22, 26, 14] cover=8/8 time=24
TOTAL time=12087

=== 11a2  f = x^3 + (-14)x^2 + (-31216)x + (-1983614)
INFO discf=-44 rootsQ2=0
SWEEP twists=92030 time=716
P 3 -5 -61 -1203 -318 sssd 4
P 5 -14 -83 -5 -415 ssss 4
P 7 -83 -1 -3598 -14 ssss 4
P 11 -94 -1 -1419 22 sssd 4
P 13 -1 -83 -286 -3913 ssss 4
P 17 -94 -5 -1309 -238 ssss 4
P 19 -14 -83 -9994 -893 ssss 4
P 23 -61 -1 -3231086 -40292021 ssss 4
P 29 -94 -61 -638 -7801 ssss 4
P 31 -61 -1 -71551627 -36980737 ssss 4
P 37 -1 -94 -87015934 -64286686 ssss 4
P 41 -61 -14 46658 -4510 ssss 4
P 43 -94 -103 -1419 33239 ssss 4
P 47 -43 29 -893 -94 dddd 4
P 53 29 -94 -318 -1113 dddd 4
P 59 -14 -94 -2478 -59 ssdd 4
P 61 -14 -94 -61 -83326 sdss 4
P 67 -5 -83 -3886 -67 ssdd 4
P 71 -61 -1 -994 4331 ssdd 4
P 73 -238 -5 -103003 -1606 ssss 4
P 79 -94 61 -25201 -209271 ssss 4
P 83 -14 -286 -415 -83 ssss 4
P 89 -94 -61 -6942 -1246 ssdd 4
P 97 -94 -5 -97 -1358 ssdd 4
P 101 -1 -94 -20806 -605293 ssss 4
P 103 -286 -238 -62006 -103 dddd 4
P 107 61 -893 -1819 -129898 ssss 4
P 109 -743 -286 -75101 -753953 ssss 4
P 113 -286 -5 -1582 -339 ssdd 4
P 127 -659 -1 -483743 -5969 ssss 4
P 131 61 -94 -5502 -135454 ssss 4
P 137 -61 -5 -1918 -685 ssdd 4
P 139 -94 -238 -322619 -1807 ssss 4
P 149 -1 -94 -1104686 -11473 ssss 4
P 151 -83 -94 -1963 -379614 ssss 4
P 157 -1 -94 -157 -4553 ssdd 4
P 163 43 -43 -1141 -978 dddd 4
P 167 -238 -1 603538 -873911 ssss 4
P 173 -14 -94 -3499963 -28718 ssss 4
P 179 61 -206 -4654 -537 ssdd 4
P 181 -1 -61 -181 -4163 ssdd 4
P 191 -61 -1 -13561 -191 dsdd 4
P 193 -893 182 -236811 -15054 sdss 4
P 197 -83 -286 -35854 -183013 ssss 4
P 199 -83 83 2786 -6567 dddd 4
ODD full=45/45 cheap=156 desc=47 time=7388
TWO [1, -5, -3, -1, -94, 22, 26, 14] cover=8/8 time=44
TOTAL time=8148

=== 11a3  f = x^3 + (1)x^2 + (-1)x + (1)
INFO discf=-44 rootsQ2=0
SWEEP twists=91935 time=611
P 3 1 -1 3 546 ssss 4
P 5 1 43 5 110 ssss 4
P 7 1 -1 14 -14 ssss 4
P 11 3 -1 11 22 sssd 4
P 13 -1 11 130 26 ssss 4
P 17 -1 -3 -34 119 ssss 4
P 19 1 -1 -38 247 ssss 4
P 23 1 -1 23 322 ssss 4
P 29 34 -14 29 58 ssss 4
P 31 1 -1 434 1891 ssss 4
P 37 -1 5 18167 14837 ssss 4
P 41 1 -3 82 1394 ssss 4
P 43 14 -14 43 -43 ssss 4
P 47 -43 29 329 -94 dddd 4
P 53 29 87 -318 -1113 dddd 4
P 59 1 -1 59 -59 ssdd 4
P 61 -14 26 -61 610 ssss 4
P 67 1 5 67 -67 ssdd 4
P 71 1 -1 71 781 ssdd 4
P 73 -1 11 146 -730 ssss 4
P 79 -78 43 79 1106 ssss 4
P 83 -14 14 83 1577 ssss 4
P 89 -1 3 89 -1246 ssdd 4
P 97 -1 -14 97 485 ssdd 4
P 101 -1 29 3030 1010 sdss 4
P 103 182 -238 50882 -103 dddd 4
P 107 3 -3 -642 1819 ssss 4
P 109 22 -14 327 1090 ssss 4
P 113 -1 3 113 339 ssdd 4
P 127 1 -1 -889 -4318 ssss 4
P 131 1 22 1441 2882 ssss 4
P 137 -1 -3 137 -685 ssdd 4
P 139 1 3 973 29051 ssss 4
P 149 1 -3 -2533 1639 ssss 4
P 151 29 26 302 2114 dsss 4
P 157 -1 5 157 3454 ssdd 4
P 163 43 -43 -1141 326 dddd 4
P 167 11 -1 1169 -3173 ssss 4
P 173 -14 26 -173 26642 ssss 4
P 179 14 -3 179 -537 ssdd 4
P 181 -1 22 181 4706 ssdd 4
P 191 1 -1 191 -191 ssdd 4
P 193 -14 79 386 -2895 sdss 4
P 197 29 38 -197 -591 ssss 4
P 199 29 83 2786 -6567 dddd 4
ODD full=45/45 cheap=156 desc=46 time=5677
TWO [1, 3, -3, -1, -14, 22, 26, 14] cover=8/8 time=25
TOTAL time=6313

=== 14a1  f = x^3 + (10)x^2 + (105)x + (-116)
INFO discf=-5619712 rootsQ2=3
SWEEP twists=88771 time=713
P 3 22 -10 3 51 ssss 4
P 5 -6 3 -5 -10 ssss 4
P 7 0 3 7 -203 -sds 3
P 11 -6 -5 33 -11 dddd 4
P 13 22 -5 -13 -26 dsss 4
P 17 -33 14 -17 -51 ssss 4
P 19 -53 3 -38 -209 dsss 4
P 23 -53 7 -483 -23 dddd 4
P 29 -6 10 29 87 dddd 4
P 31 -23 22 -186 -31 dsss 4
P 37 -53 6 37 185 dddd 4
P 41 -66 7 -41 -533 ssss 4
P 43 -29 3 -129 -43 dddd 4
P 47 -23 22 141 -47 ssss 4
P 53 -6 22 53 159 dddd 4
P 59 -6 -5 2419 -1298 ssss 4
P 61 22 6 1342 427 dsss 4
P 67 22 3 -201 -67 dddd 4
P 71 -11 274 71 497 dddd 4
P 73 -182 7 -146 -1533 dsss 4
P 79 -53 214 79 553 dddd 4
P 83 -5 -10 -2822 -913 ssss 4
P 89 -87 7 4895 267 ssss 4
P 97 -182 7 -1067 -1455 dsss 4
P 101 -5 -10 -28381 -4646 ssss 4
P 103 -109 22 -309 -2369 dsss 4
P 107 -5 -13 321 -107 dddd 4
P 109 -29 6 109 654 dddd 4
P 113 -87 71 9831 339 dddd 4
P 127 -53 7 -3683 381 dddd 4
P 131 -6 -5 10087 -30523 ssss 4
P 137 -299 29 274 3973 dddd 4
P 139 -23 3 -13066 59631 dsss 4
P 149 29 10 149 447 dddd 4
P 151 -53 7 -5285 -302 dddd 4
P 157 51 -5 6594 -4553 dsss 4
P 163 -29 3 -489 -163 dddd 4
P 167 -43 37 5511 -167 ssss 4
P 173 -10 3 -23874 346 ssss 4
P 179 -23 -5 537 -179 dddd 4
P 181 -29 -6 40906 -1267 dsss 4
P 191 -35 22 191 1337 dddd 4
P 193 555 71 10615 -2123 dddd 4
P 197 -10 17 197 591 dddd 4
P 199 381 22 2587 -75023 dsss 4
ODD full=44/45 cheap=83 desc=97 time=18088
TWO [-231, -29, 0, 0, 0, 22, -182, 0] cover=4/8 time=1004
TOTAL time=19805

=== 14a2  f = x^3 + (-11)x^2 + (-528)x + (-2240)
INFO discf=240945152 rootsQ2=1
SWEEP twists=90015 time=806
P 3 22 -10 3 51 ssss 4
P 5 -6 3 -5 -10 ssss 4
P 7 0 3 7 35 -ddd 3
P 11 -6 -5 33 -11 ssss 4
P 13 22 -5 -13 -26 dsss 4
P 17 -13 -5 17 51 dddd 4
P 19 -53 3 19 -209 dsss 4
P 23 -5 22 299 -23 dddd 4
P 29 -6 10 -29 -87 ssss 4
P 31 -23 3 31 -31 dddd 4
P 37 158 6 37 555 dsss 4
P 41 -10 6 41 -123 dddd 4
P 43 -29 3 -129 -602 dsss 4
P 47 -10 10 47 -47 dddd 4
P 53 -6 22 -53 -1166 ssss 4
P 59 -6 -5 2419 -885 ssss 4
P 61 22 6 -4026 427 dsss 4
P 67 71 3 -335 469 dsss 4
P 71 -53 -5 71 -213 dddd 4
P 73 -23 -5 73 365 dddd 4
P 79 -53 3 79 1343 dddd 4
P 83 -5 -10 1909 8051 ssss 4
P 89 -5 7 89 267 dddd 4
P 97 22 -5 97 485 dddd 4
P 101 -5 -10 -101 -6262 ssss 4
P 103 79 22 103 -103 dddd 4
P 107 -5 -13 321 -107 ssss 4
P 109 -170 -6 -109 1090 dsss 4
P 113 51 71 -5763 -339 dddd 4
P 127 22 51 -381 381 dddd 4
P 131 -6 -5 -10349 2227 ssss 4
P 137 235 41 274 -4247 dddd 4
P 139 -23 3 -13066 11815 dsss 4
P 149 -69 10 894 -2235 ssss 4
P 151 22 51 -453 -302 dddd 4
P 157 51 -5 -80070 12403 dsss 4
P 163 -29 3 -1793 326 dsss 4
P 167 -5 -6 167 -167 dddd 4
P 173 -10 3 -173 346 ssss 4
P 179 -41 -5 895 -8234 ssss 4
P 181 -29 -6 18462 -26426 dsss 4
P 191 51 -5 191 -573 dddd 4
P 193 235 51 16405 2895 dddd 4
P 197 -10 17 -6501 985 ssss 4
P 199 -170 -10 199 -199 dddd 4
ODD full=44/45 cheap=89 desc=91 time=12151
TWO [-23, -29, -11, 7, 34, 22, -6, 14] cover=8/8 time=39
TOTAL time=12996

=== 14a3  f = x^3 + (-11)x^2 + (-2688)x + (-45056)
INFO discf=-469762048 rootsQ2=3
SWEEP twists=91361 time=775
P 3 -11 -43 3 -966 ssss 4
P 5 -11 3 -5 -35 ssss 4
P 7 -5 3 7 -203 ssds 4
P 11 -29 -5 33 -11 dddd 4
P 13 -23 -5 -182 -91 ssss 4
P 17 -35 -11 -17 -51 ssss 4
P 19 -53 3 -627 -209 dsss 4
P 23 -53 7 -483 -23 dddd 4
P 29 -23 10 29 87 dddd 4
P 31 -11 22 -186 -155 ssss 4
P 37 -11 6 37 -185 dddd 4
P 41 -182 7 -861 -123 ssss 4
P 43 -29 3 -129 -43 dddd 4
P 47 -23 22 -1457 -329 ssss 4
P 53 -43 22 53 159 dddd 4
P 59 -11 -5 -1947 -8142 ssss 4
P 61 -107 -11 -2867 -13298 ssss 4
P 67 -11 3 -201 -67 dddd 4
P 71 -11 274 71 497 dddd 4
P 73 -182 7 -219 -2117 dsss 4
P 79 -29 214 79 553 dddd 4
P 83 -43 -11 1909 -6474 ssss 4
P 89 -91 7 -89 -29370 ssss 4
P 97 -35 7 -1067 -2037 ssss 4
P 101 -43 -11 -2323 -707 ssss 4
P 103 -43 22 -309 -1442 ssss 4
P 107 -51 -11 321 -107 dddd 4
P 109 -29 6 109 -654 dddd 4
P 113 573 71 -9831 339 dddd 4
P 127 -53 7 -3683 381 dddd 4
P 131 -23 -5 -20174 -20829 ssss 4
P 137 -299 -23 274 3973 dddd 4
P 139 -23 3 -2363 -19043 ssss 4
P 149 -29 10 149 -447 dddd 4
P 151 -53 7 -5285 -302 dddd 4
P 157 -109 -5 -2198 70179 dsss 4
P 163 -23 3 -489 -163 dddd 4
P 167 -43 37 -5678 -1169 ssss 4
P 173 -35 3 -24566 -11937 ssss 4
P 179 -23 -5 895 -179 dddd 4
P 181 -29 -6 -2534 -362 dsss 4
P 191 -35 22 191 2101 dddd 4
P 193 -555 71 -10615 -2123 dddd 4
P 197 -51 17 197 -591 dddd 4
P 199 -67 22 -100694 -199 ssss 4
ODD full=45/45 cheap=91 desc=89 time=10142
TWO [-231, -29, 0, 0, 0, 22, -182, 0] cover=4/8 time=1080
TOTAL time=11997

=== 14a4  f = x^3 + (4)x^2 + (-3)x + (10)
INFO discf=-7168 rootsQ2=3
SWEEP twists=87840 time=744
P 3 22 14 3 906 sssd 4
P 5 -6 3 -5 10 ssss 4
P 7 -5 3 7 35 ssds 4
P 11 3 7 33 -11 dddd 4
P 13 3 -5 -182 91 ssss 4
P 17 -33 14 -17 51 ssss 4
P 19 6 3 19 -209 ssss 4
P 23 -53 7 -483 -23 dddd 4
P 29 -6 10 29 87 dddd 4
P 31 -23 22 31 403 ssss 4
P 37 7 6 37 185 dddd 4
P 41 33 7 82 615 ssss 4
P 43 10 3 -129 -43 dddd 4
P 47 -23 33 94 235 ssss 4
P 53 6 22 53 159 dddd 4
P 59 3 6 -2006 649 ssss 4
P 61 22 6 2562 1281 dsss 4
P 67 19 3 -201 -67 dddd 4
P 71 -11 326 71 497 dddd 4
P 73 105 7 73 1095 ssss 4
P 79 -53 214 79 553 dddd 4
P 83 -5 19 -24983 5893 ssss 4
P 89 -87 7 979 267 ssss 4
P 97 -182 7 97 -13386 dsss 4
P 101 -5 10 3333 2929 ssss 4
P 103 33 22 4738 618 ssss 4
P 107 3 17 321 -107 dddd 4
P 109 7 6 109 654 dddd 4
P 113 87 71 9831 339 dddd 4
P 127 -53 7 -3683 381 dddd 4
P 131 -6 14 -11397 9301 ssss 4
P 137 -299 -29 274 3973 dddd 4
P 139 6 3 -15429 38086 ssss 4
P 149 22 10 149 447 dddd 4
P 151 -53 7 -5285 -302 dddd 4
P 157 51 -5 -2198 -10362 dsss 4
P 163 -29 3 -489 326 dddd 4
P 167 -23 71 5511 -372911 ssss 4
P 173 6 3 36157 7266 ssss 4
P 179 -23 26 537 -179 dddd 4
P 181 14 -6 39277 -19367 ssss 4
P 191 -35 22 191 1337 dddd 4
P 193 55 71 10615 -965 dddd 4
P 197 6 17 197 591 dddd 4
P 199 381 22 199 4179 dsss 4
ODD full=45/45 cheap=91 desc=90 time=7275
TWO [-231, -29, 0, 0, 0, 22, -182, 0] cover=4/8 time=928
TOTAL time=8947

=== 14a5  f = x^3 + (-11)x^2 + (-43648)x + (-3354624)
INFO discf=6422528 rootsQ2=1
SWEEP twists=91801 time=780
P 3 -11 71 -6 -1173 ssss 4
P 5 -11 3 -5 -10 ssss 4
P 7 -5 3 7 35 dddd 4
P 11 -29 -5 -231 -11 ssss 4
P 13 -23 -5 -182 -91 ssss 4
P 17 -35 -5 17 51 dddd 4
P 19 -53 -5 -1691 -323 dsss 4
P 23 -51 22 299 -23 dddd 4
P 29 -123 -17 -29 -1595 ssss 4
P 31 -11 3 31 -31 dddd 4
P 37 -155 -17 -1739 -851 ssss 4
P 41 -23 6 41 -123 dddd 4
P 43 -29 3 3741 -43 ssss 4
P 47 -23 10 94 -47 dddd 4
P 53 -155 -23 -53 9805 ssss 4
P 59 -11 -5 -2301 -2419 ssss 4
P 61 -170 -10 -2867 -11651 ssss 4
P 67 -182 3 -31155 469 ssss 4
P 71 -53 -5 71 -213 dddd 4
P 73 -23 -5 73 365 dddd 4
P 79 -29 3 79 1343 dddd 4
P 83 -53 -11 13114 5893 ssss 4
P 89 -91 7 -89 267 dddd 4
P 97 -35 -5 97 485 dddd 4
P 101 -123 -10 -24038 -10403 ssss 4
P 103 -43 22 103 -103 dddd 4
P 107 -51 -23 -49862 -107 ssss 4
P 109 -170 -6 24307 3597 ssss 4
P 113 -51 71 -5763 -339 dddd 4
P 127 -53 51 -381 381 dddd 4
P 131 -23 -5 -12183 9301 ssss 4
P 137 -299 -23 274 -4247 dddd 4
P 139 -23 -5 -2363 -117177 ssss 4
P 149 -182 -23 -1043 -179247 ssss 4
P 151 -53 51 -453 -302 dddd 4
P 157 -109 -5 -2198 -10362 dsss 4
P 163 -29 3 -106113 5053 ssss 4
P 167 -43 -6 501 -167 dddd 4
P 173 -35 3 -8823 -72314 ssss 4
P 179 -53 -5 -13962 -179 ssss 4
P 181 -29 -6 -2534 -362 dsss 4
P 191 -53 -5 191 -573 dddd 4
P 193 -323 51 16405 2895 dddd 4
P 197 -51 71 -25019 -306926 ssss 4
P 199 -67 -10 199 -199 dddd 4
ODD full=45/45 cheap=97 desc=83 time=5528
TWO [-23, -29, -11, 7, 34, 22, -6, 14] cover=8/8 time=42
TOTAL time=6350

=== 14a6  f = x^3 + (10)x^2 + (-135)x + (316)
INFO discf=25088 rootsQ2=1
SWEEP twists=89037 time=685
P 3 22 14 3 906 ssss 4
P 5 -6 3 -5 10 ssss 4
P 7 -5 3 7 35 dddd 4
P 11 3 10 33 -11 ssss 4
P 13 3 -5 -182 26 ssss 4
P 17 -13 6 17 51 dddd 4
P 19 6 3 19 589 ssss 4
P 23 3 22 299 -23 dddd 4
P 29 -6 10 -29 87 ssss 4
P 31 19 3 31 -31 dddd 4
P 37 26 6 259 -222 ssss 4
P 41 10 6 41 -123 dddd 4
P 43 10 3 430 129 ssss 4
P 47 3 10 47 -47 dddd 4
P 53 -6 22 -53 265 ssss 4
P 59 3 6 -2006 -8142 ssss 4
P 61 22 6 -6222 4209 dsss 4
P 67 19 3 -201 335 ssss 4
P 71 -53 17 71 -213 dddd 4
P 73 3 -5 73 365 dddd 4
P 79 -53 3 79 1343 dddd 4
P 83 -5 19 -6557 7055 ssss 4
P 89 -5 7 89 267 dddd 4
P 97 22 -5 97 485 dddd 4
P 101 -5 10 -3030 5151 ssss 4
P 103 26 22 103 -103 dddd 4
P 107 3 17 3531 214 ssss 4
P 109 26 -6 -109 1199 ssss 4
P 113 51 71 -5763 -339 dddd 4
P 127 22 51 -381 381 dddd 4
P 131 -6 14 19126 262 ssss 4
P 137 235 41 274 4247 dddd 4
P 139 6 3 139 -41978 ssss 4
P 149 22 10 745 1639 ssss 4
P 151 22 51 -453 -302 dddd 4
P 157 51 -5 -157 5338 dsss 4
P 163 -29 3 -815 326 dsss 4
P 167 -5 41 167 -167 dddd 4
P 173 6 3 45499 -16262 ssss 4
P 179 31 26 3043 -537 ssss 4
P 181 14 -6 -89957 103894 ssss 4
P 191 51 19 191 -573 dddd 4
P 193 -170 51 16405 2895 dddd 4
P 197 6 17 197 4137 ssss 4
P 199 -170 -10 199 -199 dddd 4
ODD full=45/45 cheap=97 desc=83 time=4096
TWO [17, -29, -11, 7, 34, 22, -6, 14] cover=8/8 time=34
TOTAL time=4815

=== 15a1  f = x^3 + (-10)x^2 + (-127)x + (136)
INFO discf=12960000 rootsQ2=3
SWEEP twists=80994 time=780
P 3 -11 -7 174 15 dddd 4
P 5 0 3 30 10 -ddd 3
P 7 -6 3 7 -7 dddd 4
P 11 -6 7 11 -11 dddd 4
P 13 38 -6 13 26 dddd 4
P 17 -77 3 -17 -51 dddd 4
P 19 11 -6 133 38 dddd 4
P 23 -11 -6 -115 -69 dddd 4
P 29 -62 10 29 58 dddd 4
P 31 -13 3 -186 -62 dddd 4
P 37 38 -6 37 74 dddd 4
P 41 -77 3 41 123 dddd 4
P 43 11 -11 43 -43 dddd 4
P 47 -11 -6 -235 -141 dddd 4
P 53 -62 3 318 -106 dddd 4
P 59 -6 10 59 -59 dddd 4
P 61 -62 -7 183 -366 dddd 4
P 67 -11 13 67 -67 dddd 4
P 71 -7 11 71 -71 dddd 4
P 73 -77 -7 73 730 dddd 4
P 79 11 3 -474 -158 dddd 4
P 83 -14 -11 -415 -249 dddd 4
P 89 91 3 89 267 dddd 4
P 97 -95 7 97 970 dddd 4
P 101 107 3 101 202 dddd 4
P 103 -10 3 103 -103 dddd 4
P 107 -17 7 107 -321 dddd 4
P 109 38 -6 327 -654 dddd 4
P 113 -95 3 791 -339 dddd 4
P 127 -6 3 127 -127 dddd 4
P 131 -6 14 131 -131 dddd 4
P 137 -138 3 959 -411 dddd 4
P 139 11 -6 973 417 dddd 4
P 149 107 3 149 298 dddd 4
P 151 11 14 -906 453 dddd 4
P 157 -158 -6 157 314 dddd 4
P 163 -13 7 163 -163 dddd 4
P 167 14 -6 -835 -501 dddd 4
P 173 -95 7 1038 346 dddd 4
P 179 -6 7 179 -179 dddd 4
P 181 38 -6 181 -1086 dddd 4
P 191 -7 11 191 -191 dddd 4
P 193 -95 10 193 -1930 dddd 4
P 197 -62 11 1182 -591 dddd 4
P 199 14 22 -1194 597 dddd 4
ODD full=44/45 cheap=0 desc=180 time=14227
TWO [-95, 3, -11, 231, -14, 22, -6, 14] cover=8/8 time=232
TOTAL time=15239

=== 15a2  f = x^3 + (-10)x^2 + (-2127)x + (-31464)
INFO discf=41990400 rootsQ2=3
SWEEP twists=83864 time=819
P 3 -17 -7 174 15 dddd 4
P 5 -6 3 30 10 dddd 4
P 7 -10 3 7 -7 dddd 4
P 11 -7 7 11 -11 dddd 4
P 13 -10 -6 13 26 dddd 4
P 17 -13 3 -17 -51 dddd 4
P 19 -13 -6 133 38 dddd 4
P 23 -17 -6 -115 -69 dddd 4
P 29 -62 10 29 58 dddd 4
P 31 -13 3 -186 -62 dddd 4
P 37 -10 -6 37 74 dddd 4
P 41 -77 3 41 123 dddd 4
P 43 -22 -11 43 -43 dddd 4
P 47 -22 -6 -235 -141 dddd 4
P 53 -7 3 371 -106 dddd 4
P 59 -10 10 59 -59 dddd 4
P 61 -62 -7 183 -366 dddd 4
P 67 -13 13 67 -67 dddd 4
P 71 -7 11 71 -71 dddd 4
P 73 -55 -7 73 730 dddd 4
P 79 -17 3 -474 -158 dddd 4
P 83 38 -11 -415 -249 dddd 4
P 89 -138 3 89 267 dddd 4
P 97 -95 7 97 -970 dddd 4
P 101 107 3 101 202 dddd 4
P 103 -10 3 103 -103 dddd 4
P 107 -17 7 107 -321 dddd 4
P 109 38 -6 545 -654 dddd 4
P 113 -7 3 791 -339 dddd 4
P 127 -10 3 127 -127 dddd 4
P 131 -10 -13 131 -131 dddd 4
P 137 -7 3 959 -411 dddd 4
P 139 -17 -6 973 417 dddd 4
P 149 107 3 149 298 dddd 4
P 151 -13 -10 -1057 906 dddd 4
P 157 -10 -6 157 314 dddd 4
P 163 -13 7 163 -163 dddd 4
P 167 -17 -6 -835 -501 dddd 4
P 173 -13 7 2249 346 dddd 4
P 179 -10 7 179 -179 dddd 4
P 181 38 -6 181 1267 dddd 4
P 191 -7 11 191 -191 dddd 4
P 193 -55 10 193 -1930 dddd 4
P 197 -7 11 1182 -591 dddd 4
P 199 -17 -7 -1194 -995 dddd 4
ODD full=45/45 cheap=0 desc=180 time=6452
TWO [-7, 3, -11, -17, -14, -10, -6, 14] cover=8/8 time=46
TOTAL time=7317

=== 15a3  f = x^3 + (14)x^2 + (-15)x + (0)
INFO discf=57600 rootsQ2=3
SWEEP twists=81336 time=776
P 3 7 -7 174 15 dddd 4
P 5 11 3 30 10 dddd 4
P 7 -6 3 7 -7 dddd 4
P 11 3 7 11 -11 dddd 4
P 13 3 -6 13 26 dddd 4
P 17 -77 3 -17 -51 dddd 4
P 19 7 10 133 38 dddd 4
P 23 -11 15 -115 -69 dddd 4
P 29 7 10 29 58 dddd 4
P 31 7 3 -186 -62 dddd 4
P 37 3 -6 37 74 dddd 4
P 41 33 3 41 123 dddd 4
P 43 11 -17 43 -43 dddd 4
P 47 7 10 -235 -141 dddd 4
P 53 -62 3 318 -106 dddd 4
P 59 3 10 59 -59 dddd 4
P 61 -62 -7 183 -366 dddd 4
P 67 -11 13 67 -67 dddd 4
P 71 -7 13 71 -71 dddd 4
P 73 55 -7 73 730 dddd 4
P 79 11 3 -474 -158 dddd 4
P 83 7 13 -415 -249 dddd 4
P 89 42 3 89 267 dddd 4
P 97 -65 7 97 970 dddd 4
P 101 -17 3 101 202 dddd 4
P 103 -10 3 103 -103 dddd 4
P 107 -17 7 107 -321 dddd 4
P 109 38 -6 327 -654 dddd 4
P 113 -95 3 791 -339 dddd 4
P 127 -6 3 127 -127 dddd 4
P 131 -6 30 131 -131 dddd 4
P 137 -138 3 959 -411 dddd 4
P 139 7 10 973 417 dddd 4
P 149 7 3 149 298 dddd 4
P 151 11 30 -1057 453 dddd 4
P 157 3 -6 157 314 dddd 4
P 163 -13 7 163 -163 dddd 4
P 167 14 10 -835 835 dddd 4
P 173 -95 7 1038 346 dddd 4
P 179 3 7 179 -179 dddd 4
P 181 38 -6 181 1267 dddd 4
P 191 -7 22 191 -191 dddd 4
P 193 55 10 193 1930 dddd 4
P 197 -62 11 1182 -591 dddd 4
P 199 7 22 -1194 597 dddd 4
ODD full=45/45 cheap=0 desc=180 time=4793
TWO [-95, 3, 13, 0, 34, 22, 10, 30] cover=7/8 time=376
TOTAL time=5945

=== 15a4  f = x^3 + (11)x^2 + (600)x + (-612)
INFO discf=-900000000 rootsQ2=1
SWEEP twists=90110 time=739
P 3 -11 -7 174 15 ddss 4
P 5 0 13 -95 10 -ddd 3
P 7 -6 10 7 -7 ssss 4
P 11 -6 10 11 -11 ssss 4
P 13 -62 -11 13 -26 dddd 4
P 17 -106 -6 -17 -51 dddd 4
P 19 -14 -6 -266 38 ssss 4
P 23 -11 -6 -161 -138 ssss 4
P 29 34 10 29 58 dddd 4
P 31 -17 13 434 -62 ssss 4
P 37 34 13 37 -74 dddd 4
P 41 91 13 41 697 dddd 4
P 43 -26 -11 731 -258 ssss 4
P 47 -11 -6 658 -329 ssss 4
P 53 -62 -14 -371 -106 dddd 4
P 59 -6 10 -354 649 ssss 4
P 61 34 10 -183 -366 dddd 4
P 67 -11 13 -134 737 ssss 4
P 71 -17 13 -2343 -71 ssss 4
P 73 181 10 73 730 dddd 4
P 79 -17 29 1501 -790 ssss 4
P 83 -14 -11 1743 -32951 ssss 4
P 89 91 13 89 2314 dddd 4
P 97 -95 10 97 970 dddd 4
P 101 -286 10 101 202 dddd 4
P 103 -11 10 -3605 -1442 ssss 4
P 107 -17 -14 3210 -70727 ssss 4
P 109 -106 -6 545 -654 dddd 4
P 113 -95 -6 -791 -339 dddd 4
P 127 -6 10 -52070 -2667 ssss 4
P 131 -6 26 1441 -11921 ssss 4
P 137 186 -6 -959 -411 dddd 4
P 139 -17 -6 -56990 -695 ssss 4
P 149 -158 10 149 298 dddd 4
P 151 -26 -39 -3926 -5134 ssss 4
P 157 -158 -26 157 -314 dddd 4
P 163 -17 13 -47270 2119 ssss 4
P 167 -17 -6 32398 30394 ssss 4
P 173 -95 -11 -2249 346 dddd 4
P 179 -6 -14 174883 -2327 ssss 4
P 181 -62 -6 181 -1086 dddd 4
P 191 -29 29 42211 11842 ssss 4
P 193 -95 10 193 1930 dddd 4
P 197 -62 -17 -1379 -591 dddd 4
P 199 -17 34 6169 -12935 ssss 4
ODD full=44/45 cheap=94 desc=86 time=13659
TWO [-95, 3, -11, -65, -14, 22, -6, 14] cover=8/8 time=119
TOTAL time=14517

=== 15a5  f = x^3 + (-10)x^2 + (-34527)x + (-2357784)
INFO discf=103680 rootsQ2=1
SWEEP twists=91828 time=794
P 3 -17 -7 -1023 -21 ddss 4
P 5 -6 -7 55 -10 ssds 4
P 7 -17 -11 14 -7 ssss 4
P 11 -17 -377 55 -11 dddd 4
P 13 -55 -11 -13 -65 ssss 4
P 17 -55 -11 -17 -85 ssss 4
P 19 -65 -17 -285 -95 dddd 4
P 23 -17 -29 -322 322 ssss 4
P 29 -62 -11 -29 -551 dddd 4
P 31 -17 -95 -341 -62 dddd 4
P 37 -62 -29 -37 -481 ssss 4
P 41 -77 -11 -410 -779 dddd 4
P 43 -55 -11 -3913 86 ssss 4
P 47 -77 -17 329 -282 ssss 4
P 53 -62 55 -583 -106 ssss 4
P 59 -65 -17 295 -59 dddd 4
P 61 -62 -29 -183 -671 dddd 4
P 67 -95 -17 -16951 335 ssss 4
P 71 -17 -77 355 -71 dddd 4
P 73 -55 -95 -73 39785 ssss 4
P 79 -17 -183 -1185 -158 dddd 4
P 83 -55 -11 -498 -11786 ssss 4
P 89 -183 -59 -1513 -1691 dddd 4
P 97 -95 -29 582 -7469 ssss 4
P 101 -410 55 -101 2929 dddd 4
P 103 -65 -17 -3605 -1957 ssss 4
P 107 -17 -29 107 -40874 ssss 4
P 109 -158 -11 545 -1199 dddd 4
P 113 -95 -29 1582 -6215 ssss 4
P 127 -55 -11 -262255 -1397 ssss 4
P 131 -17 -65 655 -131 dddd 4
P 137 -205 -29 -1507 -658559 ssss 4
P 139 -17 -65 -12093 -695 dddd 4
P 149 -158 -11 -149 6109 dddd 4
P 151 -65 -95 -3473 11929 dddd 4
P 157 -205 -29 68295 -8635 ssss 4
P 163 -17 -65 -920135 -978 ssss 4
P 167 -17 -65 -5845 -53273 ssss 4
P 173 -77 -11 -30967 -49305 ssss 4
P 179 -62 -17 895 -179 dddd 4
P 181 -62 -71 181 -7421 dddd 4
P 191 -89 -77 955 -191 dddd 4
P 193 -55 -11 -75077 -203615 ssss 4
P 197 -55 -77 -3743 -169617 ssss 4
P 199 -17 181 -2189 -995 dddd 4
ODD full=45/45 cheap=97 desc=83 time=21463
TWO [-55, -77, -11, -17, -14, -10, -6, 14] cover=8/8 time=173
TOTAL time=22430

=== 15a6  f = x^3 + (-10)x^2 + (-1727)x + (-47544)
INFO discf=-55099802880 rootsQ2=1
SWEEP twists=91305 time=786
P 3 -95 -805 174 105 dddd 4
P 5 -6 3 30 -10 ssds 4
P 7 -10 38 14 -7 dddd 4
P 11 -7 29 -22 -11 ssss 4
P 13 -10 -7 -13 -65 ssss 4
P 17 38 -10 -17 -85 ssss 4
P 19 -70 -7 -285 38 ssss 4
P 23 -43 -95 -115 161 dddd 4
P 29 107 14 29 -406 dddd 4
P 31 38 -7 -403 -62 ssss 4
P 37 -10 14 -259 -518 ssss 4
P 41 -282 14 41 902 dddd 4
P 43 -55 -95 430 -43 dddd 4
P 47 -43 -95 -235 470 dddd 4
P 53 -7 14 -689 -106 ssss 4
P 59 -10 14 413 -295 ssss 4
P 61 -106 -7 -183 -427 dddd 4
P 67 -70 -183 670 -67 dddd 4
P 71 -7 14 -497 -426 ssss 4
P 73 -55 -7 -73 -1022 ssss 4
P 79 38 -10 -3397 -158 ssss 4
P 83 38 174 -415 1245 dddd 4
P 89 -138 29 89 2581 dddd 4
P 97 -95 -7 582 -970 ssss 4
P 101 107 29 101 2929 dddd 4
P 103 -10 174 206 -103 dddd 4
P 107 -43 181 107 749 dddd 4
P 109 38 -10 545 -1090 dddd 4
P 113 -7 -10 1582 -15142 ssss 4
P 127 -10 -138 254 -127 dddd 4
P 131 -10 14 -5502 -655 ssss 4
P 137 -7 -10 8357 -6302 ssss 4
P 139 -70 -7 -56990 -695 ssss 4
P 149 107 14 149 6109 dddd 4
P 151 -82 -10 -10570 -3322 ssss 4
P 157 -10 -7 -4710 -32970 ssss 4
P 163 -70 -95 2445 -163 dddd 4
P 167 -43 322 -835 2505 dddd 4
P 173 -67 -70 -49478 -56571 ssss 4
P 179 -10 30 -5907 -32578 ssss 4
P 181 38 -7 181 -1267 dddd 4
P 191 -7 29 -447895 -38391 ssss 4
P 193 -55 29 24897 -210370 ssss 4
P 197 -7 14 -57130 -32505 ssss 4
P 199 -82 -7 -82585 -6965 ssss 4
ODD full=45/45 cheap=99 desc=81 time=12583
TWO [-7, 3, 181, -17, -14, -10, -6, 14] cover=8/8 time=192
TOTAL time=13561

=== 15a7  f = x^3 + (17)x^2 + (-1184)x + (10560)
INFO discf=3840 rootsQ2=1
SWEEP twists=90207 time=753
P 3 7 -7 1785 15 sssd 4
P 5 -11 3 30 10 sssd 4
P 7 15 10 105 119 dddd 4
P 11 15 10 33 231 dddd 4
P 13 42 15 13 -65 ssss 4
P 17 -183 -129 34 85 dddd 4
P 19 42 10 133 57 ssss 4
P 23 105 34 598 -69 ssss 4
P 29 33 10 174 58 ssss 4
P 31 71 34 217 -62 ssss 4
P 37 186 15 407 481 ssss 4
P 41 33 15 -410 1435 ssss 4
P 43 231 33 -129 2365 dddd 4
P 47 42 10 987 -141 ssss 4
P 53 -183 34 4081 159 dddd 4
P 59 15 10 177 -2065 dddd 4
P 61 186 10 -183 610 dddd 4
P 67 322 34 -201 335 dddd 4
P 71 -183 34 142 7242 dddd 4
P 73 105 10 4453 803 ssss 4
P 79 119 34 40290 -395 ssss 4
P 83 33 34 2490 -1743 ssss 4
P 89 42 15 3738 2937 ssss 4
P 97 105 10 3201 4074 ssss 4
P 101 33 10 2121 40602 ssss 4
P 103 159 10 1442 2163 dddd 4
P 107 33 165 3210 -32207 ssss 4
P 109 322 10 545 1090 dddd 4
P 113 -710 10 1582 565 dddd 4
P 127 15 10 1905 6985 dddd 4
P 131 15 85 393 2882 dddd 4
P 137 186 10 1918 685 dddd 4
P 139 71 10 39615 -695 ssss 4
P 149 33 10 72861 38442 ssss 4
P 151 -129 33 100113 -1510 ssss 4
P 157 105 15 17113 -32970 ssss 4
P 163 545 142 978 11410 dddd 4
P 167 33 10 30561 -45758 ssss 4
P 173 649 -129 11591 346 dddd 4
P 179 15 34 537 3759 dddd 4
P 181 186 10 181 1810 dddd 4
P 191 -183 42 382 31515 dddd 4
P 193 355 10 8106 20265 ssss 4
P 197 781 119 10441 985 dddd 4
P 199 -129 34 52735 -84774 ssss 4
ODD full=45/45 cheap=94 desc=86 time=46317
TWO [-183, 3, 85, 231, 34, 22, 10, 30] cover=8/8 time=950
TOTAL time=48020

=== 15a8  f = x^3 + (-4)x^2 + (5)x + (10)
INFO discf=-3840 rootsQ2=3
SWEEP twists=88164 time=717
P 3 7 -7 174 15 ssds 4
P 5 -6 3 30 10 sssd 4
P 7 -6 3 7 -7 ssss 4
P 11 3 10 11 22 ssss 4
P 13 3 -6 13 -65 ssss 4
P 17 -138 3 -17 -51 dddd 4
P 19 -65 10 -190 38 dddd 4
P 23 -17 15 -115 115 dddd 4
P 29 38 -10 174 435 ssss 4
P 31 -17 3 -186 -62 dddd 4
P 37 3 -6 -777 555 ssss 4
P 41 57 3 -410 615 ssss 4
P 43 38 -17 -1290 -258 ssss 4
P 47 -233 10 -235 -141 dddd 4
P 53 -62 34 -3286 -106 dddd 4
P 59 3 10 295 -3363 ssss 4
P 61 -62 10 183 -366 dddd 4
P 67 -51 -17 -2546 335 ssss 4
P 71 -17 34 1065 4899 ssss 4
P 73 -65 -10 219 2190 ssss 4
P 79 -17 3 -474 -158 dddd 4
P 83 38 -17 -415 -249 dddd 4
P 89 57 3 890 1335 ssss 4
P 97 -65 10 8827 16878 ssss 4
P 101 -17 -10 8787 -32118 ssss 4
P 103 -10 3 22042 11742 ssss 4
P 107 -106 -62 107 -321 dddd 4
P 109 38 -6 327 -654 dddd 4
P 113 -95 3 791 -339 dddd 4
P 127 -6 3 2159 -8763 ssss 4
P 131 -6 30 -27510 -13362 ssss 4
P 137 -138 3 1918 -411 dddd 4
P 139 107 10 -1390 417 dddd 4
P 149 -17 -10 6854 5662 ssss 4
P 151 -106 30 -906 453 dddd 4
P 157 3 -6 -4710 5966 ssss 4
P 163 38 -62 -3749 21190 ssss 4
P 167 -17 10 -835 835 dddd 4
P 173 -95 -141 16435 346 dddd 4
P 179 3 -17 -47077 -10203 ssss 4
P 181 38 -6 181 -1086 dddd 4
P 191 -62 38 9741 21774 ssss 4
P 193 -65 10 78937 -22002 ssss 4
P 197 -62 -106 10441 -591 dddd 4
P 199 -17 30 -1194 597 dddd 4
ODD full=45/45 cheap=98 desc=82 time=6774
TWO [0, -285, 0, 0, 0, 0, 0, 0] cover=1/8 time=2490
TOTAL time=9981

=== 17a1  f = x^3 + (-6)x^2 + (1)x + (-876)
INFO discf=-21381376 rootsQ2=1
SWEEP twists=89911 time=726
P 3 -2 -1 3 -21 ssss 4
P 5 -1 -2 5 10 dddd 4
P 7 -13 -1 -21 -14 ssss 4
P 11 -2 -1 -110 -33 ssss 4
P 13 -14 5 -39 26 dddd 4
P 17 0 5 17 85 -ddd 3
P 19 -14 10 19 -19 ssss 4
P 23 -19 -1 -230 -46 ssss 4
P 29 -1 -2 29 58 dddd 4
P 31 -13 -1 -186 -155 ssss 4
P 37 -1 -2 37 74 dddd 4
P 41 -39 -13 41 -123 dddd 4
P 43 -30 -14 -86 -645 ssss 4
P 47 -15 5 -893 -141 ssss 4
P 53 -46 -14 -371 265 dddd 4
P 59 -14 10 1239 118 ssss 4
P 61 -1 -2 61 122 dddd 4
P 67 -30 5 -134 201 ssss 4
P 71 -13 -1 -781 -142 ssss 4
P 73 145 5 73 -365 dddd 4
P 79 -15 -1 -2370 1106 ssss 4
P 83 -14 5 -1079 -24319 ssss 4
P 89 -39 26 178 2581 dddd 4
P 97 -95 5 97 -485 dddd 4
P 101 -14 10 -505 1010 dddd 4
P 103 -35 5 -4326 -1751 ssss 4
P 107 -2 -1 -21935 -11235 ssss 4
P 109 -1 -2 109 218 dddd 4
P 113 26 10 113 339 dddd 4
P 127 -55 5 -27813 -254 ssss 4
P 131 -2 -1 76373 -655 ssss 4
P 137 -39 5 -959 685 dddd 4
P 139 -2 -1 9035 -1807 ssss 4
P 149 -39 -14 -745 1490 dddd 4
P 151 -41 26 -218346 -12835 ssss 4
P 157 -14 5 157 785 dddd 4
P 163 -2 -1 -36838 -15811 ssss 4
P 167 -13 -1 -62959 -334 ssss 4
P 173 -1 -2 173 346 dddd 4
P 179 -30 10 -36695 -5191 ssss 4
P 181 -1 10 181 362 dddd 4
P 191 -41 41 3247 10505 ssss 4
P 193 -95 5 193 -965 dddd 4
P 197 19 -2 -1379 394 dddd 4
P 199 -15 19 -6766 7761 sdss 4
ODD full=44/45 cheap=95 desc=85 time=13237
TWO [-39, 3, 5, -1, -14, 6, 10, -2] cover=8/8 time=32
TOTAL time=13995

=== 17a2  f = x^3 + (-15)x^2 + (-16)x + (0)
INFO discf=73984 rootsQ2=3
SWEEP twists=83206 time=849
P 3 -2 -1 3 6 dddd 4
P 5 -1 -2 5 10 dddd 4
P 7 11 -1 7 -14 dddd 4
P 11 -2 -1 11 22 dddd 4
P 13 -14 -2 -13 26 dddd 4
P 17 -15 5 17 51 dddd 4
P 19 -14 -1 19 -19 dddd 4
P 23 3 -1 23 -46 dddd 4
P 29 -1 -2 29 58 dddd 4
P 31 5 -1 31 -155 dddd 4
P 37 -1 -2 37 74 dddd 4
P 41 -39 3 41 -123 dddd 4
P 43 -30 -1 -86 -43 dddd 4
P 47 -15 5 141 -47 dddd 4
P 53 -46 3 -53 -106 dddd 4
P 59 -14 10 -118 -59 dddd 4
P 61 -1 -2 61 122 dddd 4
P 67 -30 5 -134 -67 dddd 4
P 71 3 -1 71 -142 dddd 4
P 73 -65 5 73 -365 dddd 4
P 79 5 -1 79 -395 dddd 4
P 83 -14 -1 -166 -83 dddd 4
P 89 -39 3 -89 534 dddd 4
P 97 -65 5 97 -485 dddd 4
P 101 -14 -2 -101 303 dddd 4
P 103 -21 3 103 -103 dddd 4
P 107 -2 -1 107 214 dddd 4
P 109 -1 -2 -327 -654 dddd 4
P 113 57 3 113 339 dddd 4
P 127 -33 3 127 -127 dddd 4
P 131 -2 -1 131 -393 dddd 4
P 137 -39 3 -137 411 dddd 4
P 139 -2 -1 139 278 dddd 4
P 149 -39 -2 -149 -298 dddd 4
P 151 -33 3 302 -151 dddd 4
P 157 -14 5 157 -314 dddd 4
P 163 -2 -1 -489 -978 dddd 4
P 167 3 -1 167 -334 dddd 4
P 173 -1 -2 -1038 346 dddd 4
P 179 -30 -1 -358 -179 dddd 4
P 181 -1 6 181 -1086 dddd 4
P 191 -33 11 955 -191 dddd 4
P 193 -65 5 -579 -965 dddd 4
P 197 6 -2 -1182 -591 dddd 4
P 199 5 19 199 -995 dddd 4
ODD full=45/45 cheap=0 desc=180 time=4409
TWO [-39, 3, 5, -105, -14, 6, 10, 78] cover=8/8 time=265
TOTAL time=5523

=== 17a3  f = x^3 + (-15)x^2 + (-1376)x + (-14144)
INFO discf=4352 rootsQ2=3
SWEEP twists=90321 time=798
P 3 -14 -1 3 6 ssss 4
P 5 -14 -2 5 -15 ssss 4
P 7 -41 -1 -21 -14 ssss 4
P 11 -39 -1 -66 -55 ssss 4
P 13 -14 -2 -13 26 dddd 4
P 17 -2 5 17 -238 ssds 4
P 19 -14 -1 19 -19 dddd 4
P 23 -65 -1 -345 -46 ssss 4
P 29 -141 -2 -870 290 ssss 4
P 31 -65 -1 -186 -589 ssss 4
P 37 -46 -2 -1110 -185 ssss 4
P 41 -39 -13 -41 615 ssss 4
P 43 -46 -1 -86 -43 dddd 4
P 47 -39 19 -611 -47 dddd 4
P 53 -46 -14 -53 -106 dddd 4
P 59 -14 -41 -118 -59 dddd 4
P 61 -14 -2 -305 -1281 ssss 4
P 67 -41 -14 -134 -67 dddd 4
P 71 -39 -1 -781 -2698 ssss 4
P 73 -221 -13 146 -365 ssss 4
P 79 -41 -1 -2370 -1027 ssss 4
P 83 -14 -1 -166 -83 dddd 4
P 89 -39 19 -445 -1157 dddd 4
P 97 -95 -13 4171 -1649 ssss 4
P 101 -14 -2 -101 -202 dddd 4
P 103 -65 86 103 -103 dddd 4
P 107 -46 -1 -8346 -1391 ssss 4
P 109 -46 -2 9701 21255 ssss 4
P 113 -95 17 -113 -4407 ssss 4
P 127 -65 86 127 -127 dddd 4
P 131 -14 -1 -6681 3930 ssss 4
P 137 -39 26 -274 1781 dddd 4
P 139 -14 -1 -71446 -834 ssss 4
P 149 -39 -2 -149 -298 dddd 4
P 151 -41 26 302 -151 dddd 4
P 157 -14 26 157 -314 dddd 4
P 163 -141 -1 34230 -43521 ssss 4
P 167 -39 -1 -161823 -6346 ssss 4
P 173 -14 -2 -2249 -72314 ssss 4
P 179 -41 -1 -358 -179 dddd 4
P 181 -14 17 -36381 59730 ssss 4
P 191 -41 19 -1337 -191 dddd 4
P 193 -95 -13 -52882 -528627 ssss 4
P 197 -39 -2 -7289 -11229 ssss 4
P 199 -41 19 -486157 7761 sdss 4
ODD full=45/45 cheap=106 desc=74 time=4844
TWO [-39, 19, 157, 0, -14, 86, 26, -114] cover=7/8 time=996
TOTAL time=6638

=== 17a4  f = x^3 + (3)x^2 + (-8)x + (-4)
INFO discf=4352 rootsQ2=3
SWEEP twists=88232 time=743
P 3 -2 -1 3 6 ssss 4
P 5 -1 -2 5 10 ssss 4
P 7 11 3 7 -14 ssss 4
P 11 -2 -1 11 -33 ssss 4
P 13 -14 -2 -13 26 dddd 4
P 17 -1 5 17 51 ssds 4
P 19 -14 -1 19 -19 dddd 4
P 23 3 5 -161 -46 ssss 4
P 29 -1 -2 145 290 ssss 4
P 31 5 3 31 -217 ssss 4
P 37 -1 -2 370 185 ssss 4
P 41 -39 -13 -41 287 ssss 4
P 43 17 -1 -86 -43 dddd 4
P 47 -39 5 141 -47 dddd 4
P 53 -46 3 -53 -106 dddd 4
P 59 -14 10 -118 -59 dddd 4
P 61 -1 -2 61 610 ssss 4
P 67 -41 5 -134 -67 dddd 4
P 71 3 11 -994 -142 ssss 4
P 73 -65 -13 -146 -1241 ssss 4
P 79 5 3 -1106 1106 ssss 4
P 83 -14 -1 -166 -83 dddd 4
P 89 -39 19 -89 -1157 dddd 4
P 97 -65 -13 14647 -1649 ssss 4
P 101 -14 -2 -101 -202 dddd 4
P 103 26 3 103 -103 dddd 4
P 107 -2 -1 3531 642 ssss 4
P 109 -1 -2 2834 4469 ssss 4
P 113 57 17 -113 -4407 ssss 4
P 127 17 3 127 -127 dddd 4
P 131 -2 -1 5633 -1703 ssss 4
P 137 -39 26 -959 1781 dddd 4
P 139 -2 -1 35723 29051 ssss 4
P 149 19 -2 -149 -298 dddd 4
P 151 17 3 302 -151 dddd 4
P 157 -14 6 157 -314 dddd 4
P 163 -2 -1 -20701 10758 ssss 4
P 167 3 5 -5678 -7849 ssss 4
P 173 -1 -2 6401 346 ssss 4
P 179 -41 -1 -358 -179 dddd 4
P 181 -1 6 5249 388969 ssss 4
P 191 26 11 573 -191 dddd 4
P 193 -65 -13 -46127 -464551 ssss 4
P 197 6 -2 -16351 25610 ssss 4
P 199 5 19 -6766 -2786 sdss 4
ODD full=45/45 cheap=106 desc=74 time=2103
TWO [0, 19, 157, 0, 0, 86, 26, 0] cover=4/8 time=1566
TOTAL time=4412

=== 19a1  f = x^3 + (-10)x^2 + (-4)x + (-6)
INFO discf=-27436 rootsQ2=0
SWEEP twists=91841 time=653
P 3 1 -13 -6 6 ssss 4
P 5 -1 -7 -5 65 ssss 4
P 7 -6 -1 -42 -7 dsss 4
P 11 5 -1 -66 -11 ssss 4
P 13 -23 -6 -13 -26 sdss 4
P 17 -13 5 -1581 -102 ssss 4
P 19 6 0 114 -19 s-sd 3
P 23 -19 -13 69 -46 dddd 4
P 29 -1 -11 -174 -58 ssss 4
P 31 -6 -1 -93 -62 dsss 4
P 37 -1 -13 -111 -74 sdss 4
P 41 -1 -6 -82 -123 ssss 4
P 43 1 -6 -48289 -2494 sdss 4
P 47 -11 5 -94846 -9118 ssss 4
P 53 1 -19 795 -106 ssss 4
P 59 -6 -19 59 -59 ssss 4
P 61 -1 -6 -61 366 sddd 4
P 67 1 -91 -134 201 sdss 4
P 71 -13 -6 71 -142 ssss 4
P 73 -19 -5 -73 365 dsdd 4
P 79 -59 -1 158 474 dsss 4
P 83 -13 221 -166 -1909 dddd 4
P 89 -5 -6 -178 -1246 ssss 4
P 97 379 -23 291 -1261 dsss 4
P 101 -13 -91 1414 -303 dddd 4
P 103 -143 -13 -515 -206 dsss 4
P 107 -26 -19 -214 -321 ssss 4
P 109 -1 -19 -327 -654 sdss 4
P 113 -1 5 -226 -678 ssss 4
P 127 -46 -1 254 -254 dsss 4
P 131 1 -5 -786 -131 ssdd 4
P 137 -1 -6 -137 -685 ssdd 4
P 139 1 -6 834 -139 sddd 4
P 149 1 -23 149 -1639 ssdd 4
P 151 -166 -19 -1963 -151 dsss 4
P 157 -13 -91 471 314 dddd 4
P 163 -13 -151 -489 326 dddd 4
P 167 -5 -1 -3841 -334 ssss 4
P 173 -23 -59 173 -346 ssss 4
P 179 1 -1 -358 1074 ssss 4
P 181 -13 -91 -181 -1086 sdss 4
P 191 -7 -5 -2101 -191 ssdd 4
P 193 -46 -5 386 -4246 dsss 4
P 197 174 -46 1379 9062 dddd 4
P 199 65 -1 -1194 -199 dsdd 4
ODD full=44/45 cheap=136 desc=60 time=10508
TWO [1, -5, 5, -1, -30, 6, -6, 30] cover=8/8 time=23
TOTAL time=11184

=== 19a2  f = x^3 + (-10)x^2 + (-3044)x + (-55486)
INFO discf=-76 rootsQ2=0
SWEEP twists=91974 time=673
P 3 -5 -13 -6 -30 ssss 4
P 5 -1 -13 -5 -115 ssss 4
P 7 -13 -1 -91 -3486 ssss 4
P 11 -6 -58 -814 506 ssss 4
P 13 -62 -46 -13 26 ssss 4
P 17 -13 -6 -12291 -1054 ssss 4
P 19 -46 -30 -1349 -19 sssd 4
P 23 -19 -13 69 -46 dddd 4
P 29 -1 -19 -174 -58 ssss 4
P 31 -166 -1 -1054 -62 ssss 4
P 37 -1 -13 -2294 -814 ssss 4
P 41 -46 -6 -3198 -123 ssss 4
P 43 -5 -13 -3526 -15781 ssss 4
P 47 -13 -6 -27871 -86574 ssss 4
P 53 -6 -19 -2014 -12190 ssss 4
P 59 -6 -19 59 -413 ssss 4
P 61 -1 -91 -61 -366 ssdd 4
P 67 -5 -19 -134 -670 ssss 4
P 71 -13 -6 71 -1349 ssss 4
P 73 -19 -5 -73 365 ssdd 4
P 79 -271 -1 -474 148994 ssss 4
P 83 -13 -535 -166 -1909 dddd 4
P 89 -107 -6 -6141 -5518 ssss 4
P 97 -449 -30 -23959 -679 dsss 4
P 101 -13 -91 -1414 -303 dddd 4
P 103 -483 -13 -8034 -8549 ssss 4
P 107 -46 -19 -535 -107 ssss 4
P 109 -1 -19 -4142 -654 sdss 4
P 113 -91 -19 -226 -678 ssss 4
P 127 -46 -1 -25654 -14605 dsss 4
P 131 -6 -13 -786 -655 ssdd 4
P 137 -19 -6 -2329 -822 ssdd 4
P 139 -19 -13 -3614 -139 ssdd 4
P 149 -6 -58 -149 -3427 ssdd 4
P 151 -166 -19 -31861 -71121 dsss 4
P 157 -13 -91 471 314 dddd 4
P 163 -13 -46 -489 -1630 dddd 4
P 167 -271 -1 -12358 -334 ssss 4
P 173 -118 -107 -24566 -5190 ssss 4
P 179 59 -13 -4654 -37590 ssss 4
P 181 -13 -91 -181 -1086 sdss 4
P 191 -19 -5 -3629 -955 ssdd 4
P 193 -46 -5 215195 -44390 ssss 4
P 197 174 -46 1379 -13593 dddd 4
P 199 -19 -1 -1194 -199 ssdd 4
ODD full=45/45 cheap=150 desc=46 time=5442
TWO [1, -5, 5, -1, -46, 6, -6, -66] cover=8/8 time=33
TOTAL time=6148

=== 19a3  f = x^3 + (-1)x^2 + (3)x + (-1)
INFO discf=-76 rootsQ2=0
SWEEP twists=91946 time=652
P 3 1 -13 0 6 ss-s 3
P 5 1 -7 5 65 ssss 4
P 7 1 -1 -91 -7 ssss 4
P 11 5 -1 11 66 ssss 4
P 13 42 -6 -13 26 ssss 4
P 17 1 5 221 -102 ssss 4
P 19 6 -6 114 -19 sssd 4
P 23 -19 -13 69 -46 dddd 4
P 29 -13 11 -174 290 ssss 4
P 31 1 -1 -93 -310 ssss 4
P 37 -1 6 111 74 ssss 4
P 41 -1 -6 410 -574 ssss 4
P 43 1 -6 -3999 1978 ssss 4
P 47 1 5 -4371 1786 ssss 4
P 53 1 5 795 106 ssss 4
P 59 -6 6 59 -59 ssss 4
P 61 -1 -6 61 366 ssdd 4
P 67 1 11 -201 201 ssss 4
P 71 6 -19 71 -142 ssss 4
P 73 1 5 -73 365 ssdd 4
P 79 5 -1 -1185 474 ssss 4
P 83 -13 71 -166 -1909 dddd 4
P 89 1 6 -178 -2047 ssss 4
P 97 379 23 194 -1261 dsss 4
P 101 -13 -46 -1414 -303 dddd 4
P 103 26 -13 -1030 8034 ssss 4
P 107 23 -13 -214 642 ssss 4
P 109 -1 -19 -3706 -654 sdss 4
P 113 -1 5 -226 -678 ssss 4
P 127 -46 -1 254 -17526 dsss 4
P 131 1 -7 131 -131 ssdd 4
P 137 -1 -6 137 -822 ssdd 4
P 139 1 -6 695 -139 ssdd 4
P 149 1 11 149 -1639 ssdd 4
P 151 -166 -19 755 3926 dsss 4
P 157 -13 -91 471 314 dddd 4
P 163 -13 -151 -489 326 dddd 4
P 167 1 -19 501 -33901 ssss 4
P 173 23 -19 -1038 -865 ssss 4
P 179 1 -1 -358 1074 ssss 4
P 181 -13 -91 20634 -1086 sdss 4
P 191 1 -6 191 -955 ssdd 4
P 193 1 5 386 -4246 ssss 4
P 197 -174 -46 1379 9062 dddd 4
P 199 1 -1 -1194 -199 ssdd 4
ODD full=44/45 cheap=150 desc=47 time=9271
TWO [1, -5, 5, -1, -30, 6, -6, 30] cover=8/8 time=24
TOTAL time=9947

=== 20a1  f = x^3 + (1)x^2 + (4)x + (4)
INFO discf=-400 rootsQ2=1
SWEEP twists=89102 time=723
P 3 -26 14 -15 465 ssss 4
P 5 6 -2 30 10 dddd 4
P 7 15 -2 14 70 ssss 4
P 11 -2 6 33 -11 ssss 4
P 13 10 -2 13 26 dddd 4
P 17 -2 10 17 51 dddd 4
P 19 6 13 19 57 ssss 4
P 23 6 10 46 391 ssss 4
P 29 -123 14 -29 -58 dddd 4
P 31 -26 13 -186 -434 ssss 4
P 37 -26 6 37 74 dddd 4
P 41 39 89 1599 -123 dddd 4
P 43 6 -11 559 3526 ssss 4
P 47 6 10 94 4089 ssss 4
P 53 10 14 53 106 dddd 4
P 59 26 6 -118 649 ssss 4
P 61 46 -26 854 -122 dddd 4
P 67 6 -15 -4087 -4154 ssss 4
P 71 -17 26 142 -71 ssss 4
P 73 142 10 73 511 dddd 4
P 79 102 17 790 474 dsss 4
P 83 -2 15 -1079 166 ssss 4
P 89 -123 26 89 1157 dddd 4
P 97 6 10 97 679 dddd 4
P 101 -106 -26 101 -202 dddd 4
P 103 -89 -2 -14935 83121 dsss 4
P 107 -2 6 33598 214 ssss 4
P 109 26 101 2398 -218 dddd 4
P 113 13 10 113 339 dddd 4
P 127 -89 -2 -87503 30226 dsss 4
P 131 -17 14 1441 -393 ssss 4
P 137 15 6 137 411 dddd 4
P 139 222 14 -3614 3058 dsss 4
P 149 6 89 894 298 dddd 4
P 151 39 13 -5285 2265 ssss 4
P 157 10 6 157 314 dddd 4
P 163 10 13 5542 13366 ssss 4
P 167 -15 15 -5678 159151 ssss 4
P 173 6 17 173 346 dddd 4
P 179 -2 30 9129 159310 ssss 4
P 181 142 -2 -543 -362 dddd 4
P 191 -29 89 382 -5730 ssss 4
P 193 14 10 193 1930 dddd 4
P 197 10 11 -197 394 dddd 4
P 199 -170 17 -597 -2786 ssss 4
ODD full=45/45 cheap=92 desc=88 time=3550
TWO [-15, 11, -11, 15, 34, 6, 10, -2] cover=8/8 time=25
TOTAL time=4298

=== 20a2  f = x^3 + (1)x^2 + (-1)x + (0)
INFO discf=5 rootsQ2=1
SWEEP twists=90245 time=733
P 3 -26 11 -15 465 ssss 4
P 5 6 -2 30 10 sssd 4
P 7 11 -2 14 35 ssss 4
P 11 -2 6 -22 -11 dddd 4
P 13 10 -11 13 -26 ssss 4
P 17 15 10 17 102 ssss 4
P 19 6 10 19 -19 dddd 4
P 23 6 10 -759 115 ssss 4
P 29 -123 11 -29 319 dddd 4
P 31 10 11 31 -31 dddd 4
P 37 -110 -15 -111 222 dsss 4
P 41 33 89 1353 -123 dddd 4
P 43 6 -11 -215 817 ssss 4
P 47 6 10 -1551 1786 ssss 4
P 53 10 19 -318 -106 ssss 4
P 59 -13 6 59 -59 dddd 4
P 61 66 -29 1342 -366 dddd 4
P 67 6 11 -335 -5159 ssss 4
P 71 10 -15 71 -71 dddd 4
P 73 145 10 73 1606 dsss 4
P 79 89 -11 79 -79 dddd 4
P 83 -2 15 -4565 -39674 ssss 4
P 89 -123 19 89 -1691 dddd 4
P 97 -95 10 97 7566 ssss 4
P 101 -110 11 101 1111 dddd 4
P 103 -89 -2 19158 -3399 dsss 4
P 107 -2 6 -5885 -40874 ssss 4
P 109 66 101 2398 1090 dddd 4
P 113 -15 10 7006 -339 ssss 4
P 127 -89 -2 3810 6985 dsss 4
P 131 15 14 131 -131 dddd 4
P 137 15 -29 -3014 4521 ssss 4
P 139 89 10 139 -139 dddd 4
P 149 33 89 -3278 298 dddd 4
P 151 10 13 151 -151 dddd 4
P 157 10 -15 -1727 -62486 ssss 4
P 163 10 11 167401 -15159 ssss 4
P 167 11 15 -9185 80494 ssss 4
P 173 -15 19 876418 -519 ssss 4
P 179 -2 30 -358 -179 dddd 4
P 181 142 19 -543 3439 dddd 4
P 191 10 11 191 -191 dddd 4
P 193 55 10 -1158 -197439 ssss 4
P 197 10 11 5713 -591 ssss 4
P 199 31 15 199 -199 dddd 4
ODD full=45/45 cheap=95 desc=85 time=4017
TWO [-15, 11, -11, 15, 66, 6, 10, -2] cover=8/8 time=28
TOTAL time=4778

=== 20a3  f = x^3 + (-11)x^2 + (4)x + (-44)
INFO discf=-250000 rootsQ2=1
SWEEP twists=89056 time=733
P 3 -2 -13 -15 -246 ssss 4
P 5 -26 -2 30 10 dddd 4
P 7 -13 -2 -35 70 ssss 4
P 11 -2 6 -22 -11 ssss 4
P 13 -17 -2 13 26 dddd 4
P 17 -2 10 17 51 dddd 4
P 19 -2 13 -38 -19 ssss 4
P 23 -11 -2 598 -138 ssss 4
P 29 -123 -2 -29 -58 dddd 4
P 31 -29 13 -93 -155 dsss 4
P 37 -26 6 37 74 dddd 4
P 41 -51 -26 1599 -123 dddd 4
P 43 -26 -11 -2795 -602 dsss 4
P 47 -13 10 -611 235 ssss 4
P 53 -29 -2 53 106 dddd 4
P 59 -13 6 885 -59 ssss 4
P 61 -42 -26 854 -122 dddd 4
P 67 -2 -15 1943 -2613 ssss 4
P 71 -17 97 142 -426 ssss 4
P 73 -2 10 73 511 dddd 4
P 79 -17 17 79 -395 ssss 4
P 83 -2 -17 -8466 6142 ssss 4
P 89 -123 13 89 1157 dddd 4
P 97 -35 10 97 679 dddd 4
P 101 -106 -2 101 -202 dddd 4
P 103 13 -2 -8755 -2678 ssss 4
P 107 -2 6 -9737 -3103 ssss 4
P 109 102 101 2398 -218 dddd 4
P 113 13 10 113 339 dddd 4
P 127 -89 -2 -10922 -36830 dsss 4
P 131 -17 30 -1310 28558 ssss 4
P 137 -17 6 137 -411 dddd 4
P 139 -2 17 -417 -4031 ssss 4
P 149 -82 89 894 298 dddd 4
P 151 -13 13 2869 -302 ssss 4
P 157 -106 6 157 314 dddd 4
P 163 -2 13 5542 -978 ssss 4
P 167 -35 -2 4843 -449898 ssss 4
P 173 -22 -11 173 346 dddd 4
P 179 -2 30 895 -179 ssss 4
P 181 142 -2 -543 -362 dddd 4
P 191 -37 37 -4011 -2483 ssss 4
P 193 -2 10 193 1930 dddd 4
P 197 -22 -2 197 -591 dddd 4
P 199 -37 17 398 -2786 ssss 4
ODD full=45/45 cheap=93 desc=87 time=3129
TWO [-15, 11, -11, 15, 34, 6, 10, -2] cover=8/8 time=24
TOTAL time=3886

=== 20a4  f = x^3 + (-11)x^2 + (-1)x + (0)
INFO discf=125 rootsQ2=1
SWEEP twists=90152 time=736
P 3 -2 -13 -15 -174 ssss 4
P 5 -11 -2 -55 10 sssd 4
P 7 -13 -2 -35 -77 ssss 4
P 11 -2 6 -22 -11 dddd 4
P 13 -22 -11 13 -26 ssss 4
P 17 -33 10 -17 -51 ssss 4
P 19 -2 10 19 -19 dddd 4
P 23 -11 -2 -115 253 ssss 4
P 29 -123 11 -29 319 dddd 4
P 31 -29 11 31 -31 dddd 4
P 37 -62 -15 37 222 ssss 4
P 41 -33 89 1353 -123 dddd 4
P 43 -26 -11 -1419 2365 dsss 4
P 47 -13 10 -2914 235 ssss 4
P 53 -38 19 -53 742 ssss 4
P 59 -13 6 59 -59 dddd 4
P 61 77 -29 1342 -366 dddd 4
P 67 -2 -15 -14003 2077 ssss 4
P 71 -17 -15 142 -71 dddd 4
P 73 -77 10 -438 730 ssss 4
P 79 -17 -11 79 -79 dddd 4
P 83 -2 15 -4565 -2739 ssss 4
P 89 -123 19 89 -1691 dddd 4
P 97 -35 10 -1067 7566 ssss 4
P 101 -123 11 101 1111 dddd 4
P 103 13 -2 -515 -27501 ssss 4
P 107 -2 6 -7062 3317 ssss 4
P 109 298 101 2398 1090 dddd 4
P 113 -57 10 -1243 -678 ssss 4
P 127 -89 -2 -64262 17653 dsss 4
P 131 -17 14 -262 -131 dddd 4
P 137 -93 -29 -2603 -85899 ssss 4
P 139 -2 10 139 -139 dddd 4
P 149 -33 89 -3278 298 dddd 4
P 151 -13 13 151 -151 dddd 4
P 157 -110 -15 157 27946 dsss 4
P 163 -2 13 -64874 -9291 ssss 4
P 167 -35 -2 -9185 75317 ssss 4
P 173 -22 -11 2422 346 ssss 4
P 179 -2 -19 -358 -179 dddd 4
P 181 142 19 -543 -3439 dddd 4
P 191 -11 11 382 -191 dddd 4
P 193 -110 10 193 804810 ssss 4
P 197 -22 -11 -7683 3349 ssss 4
P 199 -22 15 199 -398 dddd 4
ODD full=45/45 cheap=96 desc=84 time=4270
TWO [-15, 11, -11, 15, 66, 6, 10, -2] cover=8/8 time=30
TOTAL time=5036

=== 27a1 [control]  f = x^3 + (0)x^2 + (0)x + (-2)
INFO discf=-108 rootsQ2=0
SWEEP twists=91943 time=648
P 3 -1115 -1 3 0 sss- 3
P 5 -21 -3 -30 -10 ssss 4
P 7 -41 -29 -21 -7 sdss 4
P 11 1 -1 -22 22 ssss 4
P 13 -1 -41 -39 -1209 sdss 4
P 17 1 -3 -34 -102 ssss 4
P 19 -29 -1 2014 -570 dsss 4
P 23 -7 -3 46 115 ssss 4
P 29 -22 10 -29 -58 ssss 4
P 31 -53 -41 62 -155 dddd 4
P 37 -1 131 -13098 -9509 sdss 4
P 41 43 -29 -41 123 ssss 4
P 43 -29 -41 -86 215 dddd 4
P 47 -22 -3 94 -282 ssss 4
P 53 -10 22 -53 -106 ssss 4
P 59 22 -7 -354 118 ssss 4
P 61 -41 101 61 -610 sddd 4
P 67 -41 -1 -201 -67 dsdd 4
P 71 -41 -29 213 -355 ssss 4
P 73 -41 -7 73 -511 dsdd 4
P 79 1 149 79 -79 sddd 4
P 83 10 -10 -498 415 ssss 4
P 89 87 -7 -178 -534 ssss 4
P 97 53 -7 -97 -679 dsdd 4
P 101 -22 -53 -101 -303 ssss 4
P 103 1 -29 -309 -103 sddd 4
P 107 1 -1 -642 214 ssss 4
P 109 -71 -86 545 218 dddd 4
P 113 22 -58 1582 -4746 ssss 4
P 127 -155 -590 -13970 -127 dddd 4
P 131 46 -34 -786 1310 ssss 4
P 137 1 -3 -274 -4795 ssss 4
P 139 -53 -1 139 -139 dsdd 4
P 149 -31 115 1043 -298 ssss 4
P 151 -7 -127 151 -151 sddd 4
P 157 -71 53 -1570 -9734 dddd 4
P 163 -29 -1 -489 -163 dsdd 4
P 167 -41 -3 334 -1002 ssss 4
P 173 -31 -53 -1730 519 ssss 4
P 179 22 -22 -1074 -537 ssss 4
P 181 62 -41 181 1810 dddd 4
P 191 -21 -3 3247 12606 ssss 4
P 193 62 10 -193 -1930 dsdd 4
P 197 -1 3 -1970 -6107 ssss 4
P 199 1 -53 199 -1990 sddd 4
ODD full=44/45 cheap=142 desc=62 time=11276
TWO [1, 3, -3, -1, -30, -10, 10, 30] cover=8/8 time=22
TOTAL time=11946

=== 496a [control]  f = x^3 + (0)x^2 + (1)x + (1)
INFO discf=-31 rootsQ2=0
SWEEP twists=91963 time=632
P 3 7 -1 3 6 ssss 4
P 5 -1 3 5 -85 ssss 4
P 7 1 -1 7 91 ssss 4
P 11 3 6 11 -11 ssss 4
P 13 -1 5 -13 26 ssss 4
P 17 -1 7 34 -51 ssss 4
P 19 1 -1 209 -114 ssss 4
P 23 1 -1 69 115 ssss 4
P 29 -1 -11 -29 87 ssss 4
P 31 1 -1 31 -62 sssd 4
P 37 -11 6 -37 481 ssss 4
P 41 -1 3 1599 -451 ssss 4
P 43 1 -1 -129 -430 ssss 4
P 47 -11 -149 94 705 dddd 4
P 53 -11 26 -53 159 ssss 4
P 59 1 6 295 -59 ssdd 4
P 61 -1 7 915 366 ssss 4
P 67 -221 51 2211 134 dddd 4
P 71 1 -1 71 -71 ssdd 4
P 73 3 -21 -219 803 ssss 4
P 79 1 -1 1659 1343 ssss 4
P 83 51 -11 83 -249 ssss 4
P 89 -1 31 -445 -534 ssss 4
P 97 -1 7 97 485 ssdd 4
P 101 -1 3 101 -2626 ssdd 4
P 103 1 -1 103 2266 ssdd 4
P 107 11 -1 -1605 -107 ssdd 4
P 109 1 -6 109 654 ssdd 4
P 113 -1 3 113 339 ssdd 4
P 127 -6 3 -2921 381 ssss 4
P 131 53 -11 131 8646 dddd 4
P 137 7 3 -274 19591 ssss 4
P 139 51 3 139 -139 dsss 4
P 149 53 94 -149 13559 dddd 4
P 151 1 -1 755 6946 ssss 4
P 157 -1 5 157 2355 ssdd 4
P 163 1 -1 978 815 ssdd 4
P 167 -13 -6 334 -1169 ssss 4
P 173 51 53 -173 519 dddd 4
P 179 1 -29 -28461 1074 ssss 4
P 181 -1 7 -181 4163 ssss 4
P 191 1 -1 191 -191 ssdd 4
P 193 -1 5 -193 965 ssdd 4
P 197 -6 3 1379 591 ssss 4
P 199 -6 3 199 -199 ssss 4
ODD full=45/45 cheap=158 desc=46 time=4350
TWO [1, 3, 5, -1, -30, 6, -6, 30] cover=8/8 time=21
TOTAL time=5003

### run finished
gp -q -s 4000000000  < /dev/null  320.15s user 1.03s system 99% cpu 5:21.50 total
