=== rigid:-7  f = x^3 + (-9)x^2 + (-8)x + (-20)
INFO discf=-87808 rootsQ2=3
SWEEP twists=87405 time=787
P 3 -5 -1 -6 -3 ssss 4
P 5 -1 -3 -5 -10 ssss 4
P 7 -3 -1 7 21 ssss 4
P 11 -2 -1 11 -11 dddd 4
P 13 -1 -2 -13 -26 ssss 4
P 17 -2 -3 -17 -51 ssss 4
P 19 -2 -1 -38 -19 ssss 4
P 23 -5 -1 -115 -23 dddd 4
P 29 -1 10 -29 -58 dddd 4
P 31 -11 11 62 -31 ssss 4
P 37 -1 43 -37 -74 dddd 4
P 41 -2 -3 -82 -123 ssss 4
P 43 -2 -1 43 -43 dddd 4
P 47 -11 11 47 -141 ssss 4
P 53 10 -2 53 -106 dddd 4
P 59 7 -1 885 -59 ssss 4
P 61 -1 -2 -854 -122 ssss 4
P 67 -5 53 -201 -67 dddd 4
P 71 10 -3 142 -71 dddd 4
P 73 -1 -5 -146 -803 ssss 4
P 79 10 -5 79 -79 dddd 4
P 83 -2 -1 913 -2490 ssss 4
P 89 -5 -6 -89 -3827 ssss 4
P 97 -2 -5 -6402 2522 ssss 4
P 101 -5 -2 -1717 -202 ssss 4
P 103 -11 11 206 -1545 ssss 4
P 107 -5 -3 -535 -107 dddd 4
P 109 -1 10 -109 -218 dddd 4
P 113 -174 -23 226 2599 dddd 4
P 127 -5 43 -381 -127 dddd 4
P 131 -2 -1 -786 -48601 ssss 4
P 137 -69 43 9453 411 dddd 4
P 139 -10 -1 -417 -4170 ssss 4
P 149 -174 -2 149 -298 dddd 4
P 151 11 -1 -453 -151 dddd 4
P 157 -1 -2 -157 -5338 ssss 4
P 163 -2 66 -489 -163 dddd 4
P 167 -23 43 -2505 -29058 ssss 4
P 173 -6 -5 3979 -7958 ssss 4
P 179 -6 -3 895 -179 dddd 4
P 181 -1 -2 -5973 5611 ssss 4
P 191 10 11 382 -191 dddd 4
P 193 319 11 193 -2123 dddd 4
P 197 10 -2 197 -394 dddd 4
P 199 -11 11 -2985 -9353 ssss 4
ODD full=45/45 cheap=96 desc=84 time=3387
TWO [201, 11, 53, 0, 66, 134, 10, 0] cover=6/8 time=576
TOTAL time=4750

=== rigid:-8  f = x^3 + (1)x^2 + (-3)x + (1)
INFO discf=32 rootsQ2=1
SWEEP twists=89770 time=738
P 3 -17 5 3 -21 ssss 4
P 5 1 -2 5 -10 ssss 4
P 7 1 34 7 21 dddd 4
P 11 1 7 33 187 ssss 4
P 13 1 -2 13 -26 ssss 4
P 17 -21 7 -17 119 dddd 4
P 19 1 -17 19 247 sdss 4
P 23 1 34 23 115 dddd 4
P 29 1 -2 1479 493 ssss 4
P 31 -17 3 31 93 dddd 4
P 37 1 -2 111 1147 ssss 4
P 41 21 -17 861 -123 dddd 4
P 43 1 -17 559 301 sdss 4
P 47 -123 5 47 -47 dddd 4
P 53 1 -2 6307 -1113 ssss 4
P 59 1 -17 1711 -413 ssss 4
P 61 1 -2 2806 1281 ssss 4
P 67 -79 3 67 -1407 dsss 4
P 71 1 34 71 497 dddd 4
P 73 35 -17 2555 -365 dddd 4
P 79 -17 3 79 -79 dddd 4
P 83 3 13 13363 2905 ssss 4
P 89 21 -35 1869 267 dddd 4
P 97 -35 -21 -194 679 dddd 4
P 101 5 3 7777 -707 ssss 4
P 103 1 -365 103 309 dddd 4
P 107 3 5 146269 749 ssss 4
P 109 1 -2 763 -108455 ssss 4
P 113 -365 -17 113 2599 dddd 4
P 127 -217 3 127 -127 dddd 4
P 131 -79 17 5371 9563 dsss 4
P 137 69 -47 9453 -411 dddd 4
P 139 -17 3 44758 19738 dsss 4
P 149 1 -2 39187 206961 ssss 4
P 151 1 -123 151 453 dddd 4
P 157 1 -2 -264545 20881 ssss 4
P 163 1 -21 -53627 -26243 sdss 4
P 167 3 34 167 835 dddd 4
P 173 1 -2 -113834 -84251 ssss 4
P 179 3 7 -13067 -121362 ssss 4
P 181 1 -2 -161090 5611 ssss 4
P 191 -123 7 191 1337 dddd 4
P 193 -365 -17 1351 -3281 dddd 4
P 197 1 -2 10047 168829 ssss 4
P 199 1 34 199 597 dddd 4
ODD full=45/45 cheap=94 desc=86 time=6437
TWO [1, 3, 5, 7, -14, -10, -6, -2] cover=8/8 time=19
TOTAL time=7194

=== rigid:-11  f = x^3 + (7)x^2 + (-13)x + (7)
INFO discf=-5324 rootsQ2=0
SWEEP twists=91934 time=661
P 3 -17 2 3 9402 ssss 4
P 5 1 2 5 10 ssss 4
P 7 2 6 7 -7 ssss 4
P 11 1 2 -22 77 ssss 4
P 13 1 5 13 26 ssss 4
P 17 21 6 -17 -85 ssss 4
P 19 23 3 -38 38 ssss 4
P 23 2 10 23 322 ssss 4
P 29 -7 -17 29 -58 ssss 4
P 31 1 -7 2914 12338 sdss 4
P 37 -7 2 962 74 dsss 4
P 41 23 3 82 123 ssss 4
P 43 1 2 258 215 ssss 4
P 47 -38 -366 47 -658 dddd 4
P 53 -7 -21 -53 -1007 dddd 4
P 59 3 2 59 118 ssdd 4
P 61 14 -7 183 122 ssss 4
P 67 -7 2 67 134 dsdd 4
P 71 -7 13 71 497 dsdd 4
P 73 1 5 73 1898 ssss 4
P 79 1 3 158 1106 ssss 4
P 83 3 2 83 1162 ssss 4
P 89 2 3 89 267 ssdd 4
P 97 47 -7 97 485 dsdd 4
P 101 13 2 101 202 ssss 4
P 103 -78 -17 1442 -1339 dddd 4
P 107 -7 2 107 -9202 ssss 4
P 109 1 2 545 218 ssss 4
P 113 1 3 113 565 ssdd 4
P 127 1 3 3302 762 ssss 4
P 131 7 2 131 -393 ssss 4
P 137 1 3 137 1370 ssdd 4
P 139 7 2 5699 2363 ssss 4
P 149 6 2 2533 -447 ssss 4
P 151 1 3 -1057 1963 ssss 4
P 157 -17 2 157 314 dsdd 4
P 163 -7 -21 -12877 -163 dddd 4
P 167 1 5 1002 -334 ssss 4
P 173 6 2 173 -11245 ssss 4
P 179 1 6 179 358 ssdd 4
P 181 1 -7 543 362 sddd 4
P 191 1 7 191 1337 ssdd 4
P 193 -7 -17 386 5018 ssss 4
P 197 1 5 1182 18715 ssss 4
P 199 -21 -7 8557 -398 dddd 4
ODD full=45/45 cheap=153 desc=49 time=4316
TWO [1, 3, 5, 7, 2, 6, 10, 30] cover=8/8 time=29
TOTAL time=5006

=== rigid:-12  f = x^3 + (6)x^2 + (-3)x + (0)
INFO discf=432 rootsQ2=1
SWEEP twists=89387 time=701
P 3 -26 2 -6 33 ssss 4
P 5 -6 2 -30 10 ssss 4
P 7 2 10 7 -7 ssss 4
P 11 -6 2 11 -11 dddd 4
P 13 10 37 130 26 dddd 4
P 17 2 10 34 170 ssss 4
P 19 23 -11 -38 38 ssss 4
P 23 2 7 23 -23 dddd 4
P 29 -7 10 638 58 ssss 4
P 31 -110 26 155 -31 dsss 4
P 37 -26 2 37 74 dddd 4
P 41 2 -7 410 -533 ssss 4
P 43 -118 -11 -215 86 dsss 4
P 47 2 10 47 -47 dddd 4
P 53 -6 2 1961 -1166 ssss 4
P 59 -11 11 59 -59 dddd 4
P 61 -118 2 -61 122 dddd 4
P 67 -61 -23 1474 -670 ssss 4
P 71 2 7 71 -71 dddd 4
P 73 -55 -26 4015 730 dddd 4
P 79 11 -11 -237 553 ssss 4
P 83 -6 2 83 -83 dddd 4
P 89 2 7 -3471 -4094 ssss 4
P 97 65 -26 -6305 485 dddd 4
P 101 -6 2 37673 2626 ssss 4
P 103 23 10 721 -1442 ssss 4
P 107 14 -23 107 -107 dddd 4
P 109 -38 37 2398 218 dddd 4
P 113 2 10 -75823 -10622 ssss 4
P 127 -329 10 -762 889 dsss 4
P 131 11 10 131 -131 dddd 4
P 137 2 -26 -5206 -106997 ssss 4
P 139 11 -11 -2919 417 ssss 4
P 149 -6 2 -44551 75394 ssss 4
P 151 2 -11 151 -755 ssss 4
P 157 -110 2 -157 314 dddd 4
P 163 26 -26 -1793 -978 ssss 4
P 167 22 26 167 -167 dddd 4
P 173 -6 2 36849 14186 ssss 4
P 179 -7 23 179 -179 dddd 4
P 181 34 -61 -2534 362 dddd 4
P 191 -7 7 191 -191 dddd 4
P 193 65 11 193 2123 dddd 4
P 197 -6 2 -16351 63434 ssss 4
P 199 2 -23 -4378 6766 ssss 4
ODD full=45/45 cheap=97 desc=83 time=3462
TWO [-7, 11, -11, 7, 2, 22, -6, 14] cover=8/8 time=22
TOTAL time=4185

=== rigid:-16  f = x^3 + (-6)x^2 + (1)x + (0)
INFO discf=32 rootsQ2=1
SWEEP twists=90240 time=773
P 3 -5 -7 -6 6 ssss 4
P 5 -6 -7 -5 -15 ssss 4
P 7 -6 34 7 -7 dddd 4
P 11 -13 -5 -22 110 ssss 4
P 13 -14 -6 -13 -65 ssss 4
P 17 138 7 34 119 dddd 4
P 19 -14 -5 -190 190 ssss 4
P 23 -5 34 23 -23 dddd 4
P 29 -6 14 -145 -406 ssss 4
P 31 -6 34 31 -31 dddd 4
P 37 -34 154 -777 -518 sdss 4
P 41 154 7 41 287 dddd 4
P 43 -5 7 -86 -1333 ssss 4
P 47 -5 41 47 -47 dddd 4
P 53 -6 14 -371 -1113 ssss 4
P 59 -13 -5 5546 -1003 ssss 4
P 61 34 -6 -2501 -16714 dsss 4
P 67 -5 7 -4422 -1541 ssss 4
P 71 -21 34 71 -71 dddd 4
P 73 154 7 219 511 dddd 4
P 79 -6 34 79 -79 dddd 4
P 83 -13 -7 1411 -21414 ssss 4
P 89 138 -14 890 623 dddd 4
P 97 -161 7 194 679 dddd 4
P 101 -6 -34 -15655 3434 sdss 4
P 103 -5 -137 103 -103 dddd 4
P 107 -5 7 -19046 46438 ssss 4
P 109 -22 -6 -109 -19402 ssss 4
P 113 138 23 226 2599 dddd 4
P 127 -5 -41 127 -127 dddd 4
P 131 -14 -5 2751 -18078 ssss 4
P 137 138 23 137 3151 dddd 4
P 139 -14 -5 -9730 -973 ssss 4
P 149 -6 14 17731 -3129 ssss 4
P 151 -6 41 151 -151 dddd 4
P 157 -14 41 -5809 69394 sdss 4
P 163 -5 7 2282 -2282 ssss 4
P 167 -5 34 167 -167 dddd 4
P 173 -14 -7 -27334 14186 ssss 4
P 179 -34 -5 16647 -11814 ssss 4
P 181 34 -6 282179 78554 dsss 4
P 191 -21 41 191 -191 dddd 4
P 193 323 34 386 3281 dddd 4
P 197 -6 -194 -26989 16154 sdss 4
P 199 -6 34 199 -199 dddd 4
ODD full=45/45 cheap=94 desc=86 time=6107
TWO [-7, -5, 5, -41, -14, 6, -6, -34] cover=8/8 time=39
TOTAL time=6919

=== rigid:-19  f = x^3 + (9)x^2 + (-125)x + (293)
INFO discf=-27436 rootsQ2=0
SWEEP twists=91946 time=656
P 3 1 -1 30 6 ssss 4
P 5 -1 2 5 10 ssss 4
P 7 1 -1 7 21 ssss 4
P 11 3 -1 33 66 ssss 4
P 13 23 6 13 26 ssss 4
P 17 -1 3 17 986 ssss 4
P 19 6 -1 19 -2622 ssss 4
P 23 13 -1 138 -667 dddd 4
P 29 -1 10 174 58 ssss 4
P 31 1 -1 62 186 ssss 4
P 37 -1 2 370 74 ssss 4
P 41 -1 7 82 -123 ssss 4
P 43 13 -1 43 2967 sdss 4
P 47 1 -1 47 -47 ssss 4
P 53 -1 3 530 106 ssss 4
P 59 3 -1 1711 118 ssss 4
P 61 -1 2 61 122 ssdd 4
P 67 1 -1 -134 134 ssss 4
P 71 2 -1 213 2911 ssss 4
P 73 -1 13 73 -365 sddd 4
P 79 1 -1 790 -158 ssss 4
P 83 -181 13 9379 -249 dddd 4
P 89 -1 3 178 2670 ssss 4
P 97 6 30 97 -1358 ssss 4
P 101 -1 -55 -606 -202 dddd 4
P 103 2 -1 3090 -103 ssss 4
P 107 3 -1 321 642 ssss 4
P 109 -1 13 327 -218 ssss 4
P 113 -1 5 69834 339 ssss 4
P 127 1 -1 4318 381 ssss 4
P 131 13 -1 131 262 dsdd 4
P 137 -1 3 137 411 ssdd 4
P 139 1 -1 139 278 ssdd 4
P 149 -1 2 149 298 ssdd 4
P 151 2 -1 -4530 25066 ssss 4
P 157 13 -65 -2198 -942 dddd 4
P 163 -181 -1 978 -6683 dddd 4
P 167 2 -1 501 13026 ssss 4
P 173 -1 3 3979 7266 ssss 4
P 179 1 -1 41170 1074 ssss 4
P 181 -1 2 10679 362 ssss 4
P 191 1 -1 382 -191 sddd 4
P 193 -1 5 -4439 5018 ssss 4
P 197 -134 -218 -1182 985 dddd 4
P 199 13 -1 199 597 dsdd 4
ODD full=45/45 cheap=151 desc=45 time=5045
TWO [1, 3, 5, -1, 66, 6, 42, 30] cover=8/8 time=53
TOTAL time=5754

=== rigid:-27  f = x^3 + (-9)x^2 + (-93)x + (-173)
INFO discf=-972 rootsQ2=0
SWEEP twists=91934 time=674
P 3 -29 -1 3 -3 sdss 4
P 5 -19 -3 -30 -10 ssss 4
P 7 -458 -1 -70 -7 ssss 4
P 11 1 -1 -22 22 ssss 4
P 13 -1 -7 -13 -442 ssss 4
P 17 -1 -7 -34 -85 ssss 4
P 19 -10 -1 -418 -19 ssss 4
P 23 -7 -1 -322 -46 ssss 4
P 29 -22 -66 -29 -58 ssss 4
P 31 -53 -41 62 -155 dddd 4
P 37 -1 -13 -37 -2035 ssss 4
P 41 -10 -29 -41 123 ssss 4
P 43 -29 -41 -86 215 dddd 4
P 47 -13 -1 -235 -94 ssss 4
P 53 -10 22 -53 -106 ssss 4
P 59 22 -7 -118 -295 ssss 4
P 61 62 101 61 -427 sddd 4
P 67 -41 -1 -469 -67 dsdd 4
P 71 -41 -10 213 -142 ssss 4
P 73 -41 -7 -73 -511 dsdd 4
P 79 1 -10 -237 -79 ssdd 4
P 83 30 -10 581 -581 ssss 4
P 89 -1 -7 -178 4094 ssss 4
P 97 -1 -7 -97 -679 ssdd 4
P 101 -22 -34 -101 -202 ssss 4
P 103 1 -29 -1030 -103 sddd 4
P 107 1 -1 -4066 214 ssss 4
P 109 -71 -86 545 218 dddd 4
P 113 -1 -19 -226 -565 ssss 4
P 127 -155 -590 -13970 -127 dddd 4
P 131 -66 -34 131 -393 ssss 4
P 137 -1 -10 -274 -7535 ssss 4
P 139 -19 -1 -417 -139 ssdd 4
P 149 -31 -34 149 -298 ssss 4
P 151 -7 -127 151 -151 sddd 4
P 157 -71 53 -1570 -9263 dddd 4
P 163 -19 -1 -1141 -163 ssdd 4
P 167 -13 -1 -835 -1002 ssss 4
P 173 -31 62 -173 -346 ssss 4
P 179 -10 -22 -6265 -5191 ssss 4
P 181 62 -7 181 -1267 dsdd 4
P 191 -29 -1 -11842 -32470 ssss 4
P 193 62 -13 -193 -1930 dsdd 4
P 197 -1 3 -4531 -394 ssss 4
P 199 1 -1 -597 -199 ssdd 4
ODD full=45/45 cheap=152 desc=52 time=5793
TWO [1, 3, -3, -1, -30, -10, 10, 30] cover=8/8 time=27
TOTAL time=6494

=== rigid:-28  f = x^3 + (-15)x^2 + (-520)x + (-2736)
INFO discf=87808 rootsQ2=1
SWEEP twists=89063 time=777
P 3 -5 -1 -15 -3 dddd 4
P 5 -1 -3 -5 -10 ssss 4
P 7 -3 -1 -70 21 ssss 4
P 11 -6 -3 11 -11 ssss 4
P 13 -1 -2 -39 -26 ssss 4
P 17 -2 -3 -255 -51 ssss 4
P 19 -2 -1 -57 -19 dddd 4
P 23 -15 -3 -115 -23 ssss 4
P 29 -6 10 -174 -87 dddd 4
P 31 -3 11 62 -31 dddd 4
P 37 10 57 370 222 dddd 4
P 41 -2 -3 1271 -123 ssss 4
P 43 10 -6 43 -430 ssss 4
P 47 -11 -6 47 -47 dddd 4
P 53 10 -3 53 159 dddd 4
P 59 7 -1 -354 -59 dddd 4
P 61 -1 -2 -11346 122 ssss 4
P 67 10 53 -201 -67 sdss 4
P 71 -39 -3 426 -213 ssss 4
P 73 -1 -5 -219 4818 ssss 4
P 79 159 -19 79 237 dsss 4
P 83 -2 -1 -415 -83 dddd 4
P 89 -5 -6 -5073 -534 ssss 4
P 97 -2 -5 -291 3589 ssss 4
P 101 -5 -2 -31007 3434 ssss 4
P 103 -3 10 206 -103 dddd 4
P 107 -6 -3 -1605 642 ssss 4
P 109 -38 10 -2398 -654 dddd 4
P 113 57 -3 -113 -339 dddd 4
P 127 47 53 -4191 381 sdss 4
P 131 -2 -1 -786 -131 dddd 4
P 137 -15 53 -2055 411 dddd 4
P 139 -10 -1 -417 -139 dddd 4
P 149 -174 -3 149 447 dddd 4
P 151 47 -19 -5285 -302 ssss 4
P 157 -1 -2 -17427 -39407 ssss 4
P 163 10 66 2445 -163 sdss 4
P 167 -23 10 167 -167 dddd 4
P 173 -6 -5 -117294 -6747 ssss 4
P 179 -6 -3 -1969 -179 ssss 4
P 181 -1 -2 -20634 -42535 ssss 4
P 191 -57 53 382 -1910 sdss 4
P 193 370 -19 193 -3667 dddd 4
P 197 10 -3 197 591 dddd 4
P 199 -6 11 398 -199 dddd 4
ODD full=45/45 cheap=95 desc=85 time=4434
TWO [-15, 11, 53, -1, -30, -58, -6, -2] cover=8/8 time=59
TOTAL time=5270

=== rigid:-43  f = x^3 + (9)x^2 + (-3413)x + (67365)
INFO discf=-318028 rootsQ2=0
SWEEP twists=92000 time=678
P 3 10 14 3 -3 ssss 4
P 5 1 2 5 210 ssss 4
P 7 1 5 7 42 ssss 4
P 11 295 2 -22 22 ssss 4
P 13 1 2 39 26 ssss 4
P 17 1 -3 34 51 ssss 4
P 19 1 3 19 266 ssss 4
P 23 1 -3 4002 690 ssss 4
P 29 7 10 145 87 ssss 4
P 31 1 3 14570 34007 ssss 4
P 37 -3 5 962 74 ssss 4
P 41 1 -3 82 26363 ssss 4
P 43 1 5 9030 129 ssss 4
P 47 -33 -3 329 -282 dddd 4
P 53 1 2 53 106 ssdd 4
P 59 -33 -3 295 -31506 dddd 4
P 61 -3 2 61 11590 ssss 4
P 67 1 2 67 134 ssdd 4
P 71 -21 -3 1349 -142 ssss 4
P 73 2 10 -438 2190 ssss 4
P 79 -3 -22 -3713 -1027 dddd 4
P 83 1 2 83 166 ssdd 4
P 89 -21 6 9790 623 ssss 4
P 97 -3 74 97 970 dsdd 4
P 101 1 2 606 202 ssdd 4
P 103 -3 3 103 309 dsdd 4
P 107 -210 74 107 10058 dddd 4
P 109 -3 2 109 218 dsdd 4
P 113 30 -21 226 1130 ssss 4
P 127 2 -22 127 -254 sddd 4
P 131 3 -3 4978 262 ssss 4
P 137 30 -3 2055 822 ssss 4
P 139 1 -69 139 417 sddd 4
P 149 5 -3 1043 298 ssss 4
P 151 2 3 25670 906 ssss 4
P 157 1 5 157 11618 ssss 4
P 163 -3 2 18093 -75143 ssss 4
P 167 1 -3 334 2171 ssdd 4
P 173 -33 -3 -6055 346 dddd 4
P 179 22 6 479541 1074 ssss 4
P 181 -3 -69 32218 -5430 dddd 4
P 191 3 -3 1146 -1910 ssss 4
P 193 1 5 386 965 ssdd 4
P 197 -22 74 121943 985 dddd 4
P 199 1 74 51143 7562 ssss 4
ODD full=45/45 cheap=147 desc=55 time=10222
TWO [33, 3, -3, 7, 2, 22, 10, 14] cover=8/8 time=41
TOTAL time=10941

=== rigid:-67  f = x^3 + (9)x^2 + (-29453)x + (1859813)
INFO discf=-1203052 rootsQ2=0
SWEEP twists=92034 time=677
P 3 7 2 57 258 ssss 4
P 5 26 2 5 10 ssss 4
P 7 2 10 7 42 ssss 4
P 11 42 10 154 22 ssss 4
P 13 10 2 39 26 ssss 4
P 17 2 538 17 260049 ssss 4
P 19 5 2 653258 57 ssss 4
P 23 2 5 1035322 1684290 ssss 4
P 29 5 10 2120045 3407674 ssss 4
P 31 2 17 434 465 ssss 4
P 37 7 5 7055863 4996554 ssss 4
P 41 10 7 82 2665 ssss 4
P 43 10 2 258 11309 ssss 4
P 47 2 5 1405723 319506 ssss 4
P 53 82 2 795 265 ssss 4
P 59 5 2 59 354 ssdd 4
P 61 5 2 61 -610 ssss 4
P 67 10 2 46833 38458 ssss 4
P 71 429 301 -14910 -710 dddd 4
P 73 2 5 73 730 ssdd 4
P 79 5 17 -14378 237 ssss 4
P 83 -43 301 2490 6806 dddd 4
P 89 2 7 178 267 ssdd 4
P 97 130 7 194 970 ssss 4
P 101 5 26 43026 303 ssss 4
P 103 429 301 3090 -103 dddd 4
P 107 10 2 107 214 ssdd 4
P 109 5 10 109 218 ssss 4
P 113 7 17 226 339 ssss 4
P 127 2 5 127 381 ssdd 4
P 131 429 538 -3406 40479 dddd 4
P 137 154 10 5343 -4247 ssss 4
P 139 5 17 -11398 9730 ssss 4
P 149 5 2 149 298 ssdd 4
P 151 429 546 3322 -755 dsdd 4
P 157 10 -526 1570 314 sddd 4
P 163 -526 2 163 489 dsdd 4
P 167 -43 301 -50601 23881 dddd 4
P 173 10 2 1730 346 ssdd 4
P 179 5 55 127090 69810 ssss 4
P 181 5 -790 181 362 sddd 4
P 191 2 7 5730 2101 ssss 4
P 193 2 -526 193 1930 sddd 4
P 197 39 30 12214 13002 ssss 4
P 199 2 17 199 1194 ssdd 4
ODD full=45/45 cheap=155 desc=51 time=21034
TWO [1, 3, 5, 7, 34, 6, 26, 30] cover=8/8 time=52
TOTAL time=21763

=== rigid:-163  f = x^3 + (9)x^2 + (-8697653)x + (9847000525)
INFO discf=-17322988 rootsQ2=0
SWEEP twists=92045 time=1485
P 3 3466 28178 318405 2157 ssss 4
P 5 5999 26042 88345 271690 ssss 4
P 7 3466 28178 583618 5999 ssss 4
P 11 2157 32667 101981 107833 ssss 4
P 13 10189 5999 125177 2949635 ssss 4
P 17 2157 10189 266186 2190161 ssss 4
P 19 28178 3466 371602 1454298 ssss 4
P 23 2157 32667 10189 2949635 ssss 4
P 29 108469 132058 26042 7830841 ssss 4
P 31 5999 10189 769079 108469 ssss 4
P 37 3466 10189 574610 77604799 ssss 4
P 41 2157 -110 1615921930 98413909783 sdss 4
P 43 10189 2157 2433653714 47092485913 ssss 4
P 47 2157 3466 4195790627 70980875189 ssss 4
P 53 2157 3466 318 106 ssdd 4
P 59 164554 32667 20174106 7217470 ssss 4
P 61 2157 3466 183 122 ssdd 4
P 67 3466 2157 2464863 46031077 ssss 4
P 71 2157 5999 142 994 ssdd 4
P 73 3466 215923 862130 28178 ssss 4
P 79 88345 28178 2703617 12118047 ssss 4
P 83 3466 2157 830 498 ssdd 4
P 89 2157 101981 36853565 715026 ssss 4
P 97 10189 2157 97 2813 ssdd 4
P 101 2157 3466 271690 8890626 ssss 4
P 103 2157 3466 715026 89881714 ssss 4
P 107 3466 32667 232992714 62771122 ssss 4
P 109 101981 32667 110216113 69735693 ssss 4
P 113 26042 2157 113 678 ssdd 4
P 127 3466 10189 101981 371602 ssss 4
P 131 2157 5999 917 786 ssdd 4
P 137 53002 88345 116534666 2188986 ssss 4
P 139 10189 2157 261816369 157152149 ssss 4
P 149 28178 2157 424799 50476730 ssss 4
P 151 2157 26042 151 2114 ssdd 4
P 157 53002 101981 111203571 161960258 ssss 4
P 163 2157 28178 3069290 11626522517 ssss 4
P 167 -110 206 125083 236138 dddd 4
P 173 2157 10189 1730 519 ssdd 4
P 179 206 -110 98629 1253 dddd 4
P 181 107833 5999 231215554 410047174 ssss 4
P 191 5999 3466 101883602 253553073 ssss 4
P 193 3466 26042 80224889 28178 ssss 4
P 197 2157 3466 1182 23443 ssdd 4
P 199 206 1253 0 0 dd-- 2
ODD full=44/45 cheap=168 desc=33 time=55410
TWO [17, 3, 13, 7, 2, -10, 42, 14] cover=8/8 time=86
TOTAL time=56981

=== j0:1  f = x^3 + (0)x^2 + (0)x + (1)
INFO discf=-27 rootsQ2=1
SWEEP twists=89498 time=729
P 3 -26 2 -6 33 ssss 4
P 5 -6 2 -55 10 ssss 4
P 7 2 10 7 -7 dddd 4
P 11 -7 7 11 22 ssss 4
P 13 14 37 182 -26 dddd 4
P 17 2 10 561 -119 ssss 4
P 19 7 -7 19 -19 dddd 4
P 23 -7 7 46 -23 ssss 4
P 29 -7 10 1015 -551 ssss 4
P 31 -110 -19 31 -31 dddd 4
P 37 -26 19 37 703 dddd 4
P 41 2 -7 1599 -7790 ssss 4
P 43 -26 7 43 -43 dddd 4
P 47 -19 19 329 -47 ssss 4
P 53 -6 2 -2014 16430 ssss 4
P 59 -31 -26 -118 354 ssss 4
P 61 -362 7 -61 427 dddd 4
P 67 14 -19 67 -67 dddd 4
P 71 -7 7 71 -426 ssss 4
P 73 35 -26 2555 511 dddd 4
P 79 11 -11 79 -79 dddd 4
P 83 38 19 249 2905 ssss 4
P 89 2 7 19313 1157 ssss 4
P 97 65 -26 3395 485 dddd 4
P 101 -6 2 1919 -2626 ssss 4
P 103 23 10 103 -103 dddd 4
P 107 14 43 1177 -1391 ssss 4
P 109 -38 37 2834 -1090 dddd 4
P 113 2 10 -3503 8814 ssss 4
P 127 -329 10 127 -127 dddd 4
P 131 -19 -38 4585 1310 ssss 4
P 137 2 -26 -959 15618 ssss 4
P 139 11 -11 139 -139 dddd 4
P 149 -6 2 -153023 -1937 ssss 4
P 151 2 7 151 -151 dddd 4
P 157 -182 7 -157 1099 dddd 4
P 163 14 19 163 -163 dddd 4
P 167 -26 37 1169 -36239 ssss 4
P 173 -6 2 -3633 79061 ssss 4
P 179 -7 35 12530 -14678 ssss 4
P 181 14 -61 2534 -362 dddd 4
P 191 -7 7 2865 -3247 ssss 4
P 193 65 19 193 3667 dddd 4
P 197 -6 2 -138491 86286 ssss 4
P 199 2 -7 199 -199 dddd 4
ODD full=45/45 cheap=96 desc=84 time=3772
TWO [-7, -21, 21, 7, 2, -26, -6, 14] cover=8/8 time=29
TOTAL time=4530

=== j0:2  f = x^3 + (0)x^2 + (0)x + (2)
INFO discf=-108 rootsQ2=0
SWEEP twists=91943 time=677
P 3 1 1115 0 -3 ss-s 3
P 5 21 3 -30 -10 ssss 4
P 7 29 41 7 21 dsss 4
P 11 1 -1 -22 22 ssss 4
P 13 -1 41 39 1209 sdss 4
P 17 -1 3 34 -102 ssss 4
P 19 1 29 570 -2014 sdss 4
P 23 3 7 -115 -46 ssss 4
P 29 22 -10 29 58 ssss 4
P 31 41 53 155 -62 dddd 4
P 37 -1 -131 13098 9509 sdss 4
P 41 -43 29 41 -123 ssss 4
P 43 41 29 -215 86 dddd 4
P 47 3 22 282 -94 ssss 4
P 53 10 -22 -53 106 ssss 4
P 59 7 -22 -118 354 ssss 4
P 61 41 -101 61 610 sddd 4
P 67 1 41 67 201 sddd 4
P 71 29 41 355 -213 ssss 4
P 73 41 7 73 511 dsdd 4
P 79 -149 -1 79 -79 dsdd 4
P 83 10 -10 -415 498 ssss 4
P 89 -87 7 178 534 ssss 4
P 97 53 7 97 679 dsdd 4
P 101 22 -53 101 303 ssss 4
P 103 29 -1 103 309 dsdd 4
P 107 1 -1 -214 642 ssss 4
P 109 71 86 545 218 dddd 4
P 113 -22 58 -1582 4746 ssss 4
P 127 590 155 127 13970 dddd 4
P 131 34 -46 -1310 786 ssss 4
P 137 -1 3 274 4795 ssss 4
P 139 1 53 139 -139 sddd 4
P 149 31 -115 -1043 298 ssss 4
P 151 127 7 151 -151 dsdd 4
P 157 71 53 1570 9734 dddd 4
P 163 1 29 163 489 sddd 4
P 167 3 41 1002 -334 ssss 4
P 173 31 -53 1730 -519 ssss 4
P 179 22 -22 537 1074 ssss 4
P 181 -62 41 181 1810 dddd 4
P 191 3 21 -12606 -3247 ssss 4
P 193 -62 -10 193 1930 dsdd 4
P 197 1 -3 -1970 6107 ssss 4
P 199 53 -1 1990 -199 dsdd 4
ODD full=44/45 cheap=142 desc=62 time=11337
TWO [1, 3, -3, -1, -30, -10, 10, 30] cover=8/8 time=22
TOTAL time=12036

=== j0:3  f = x^3 + (0)x^2 + (0)x + (3)
INFO discf=-243 rootsQ2=1
SWEEP twists=91937 time=607
P 3 1 2 -6 -3 ssds 4
P 5 1 2 -5 -10 ssss 4
P 7 2 10 203 21 ssss 4
P 11 -6 2 11 22 ssss 4
P 13 -61 2 221 -754 dsss 4
P 17 2 -6 -17 51 ssss 4
P 19 1 2 -285 57 sdss 4
P 23 2 -6 23 -69 ssss 4
P 29 1 2 -145 435 ssss 4
P 31 1 -5 155 -62 ssss 4
P 37 1 2 1110 -33337 ssss 4
P 41 2 -6 -82 123 ssss 4
P 43 -61 2 8299 -43 dsss 4
P 47 1 -6 -517 -141 ssss 4
P 53 -6 2 318 -265 ssss 4
P 59 1 2 59 -885 ssss 4
P 61 -83 2 -61 -122 dddd 4
P 67 -85 219 67 -19430 dddd 4
P 71 1 -5 71 -213 ssss 4
P 73 2 -62 -73 4526 dddd 4
P 79 1 -62 395 237 sddd 4
P 83 10 58 2158 -83 ssss 4
P 89 -5 -6 -89 267 ssss 4
P 97 2 -5 97 970 dsdd 4
P 101 -5 2 3333 -202 ssss 4
P 103 -85 -83 206 -2987 dddd 4
P 107 1 2 107 214 ssss 4
P 109 1 2 109 -1090 ssdd 4
P 113 1 -3 -1469 339 ssss 4
P 127 2 10 -1270 -254 ssdd 4
P 131 1 -5 -786 11397 ssss 4
P 137 22 51 274 -685 ssss 4
P 139 -10 2 -2085 -139 ssdd 4
P 149 30 -10 -2533 298 ssss 4
P 151 2 -62 302 1963 dddd 4
P 157 1 2 1570 -3454 ssdd 4
P 163 1 -6 2282 489 ssdd 4
P 167 1 -6 7014 -5511 ssss 4
P 173 35 -5 1038 346 ssss 4
P 179 -6 -5 2685 -537 ssss 4
P 181 -5 2 -5973 362 ssdd 4
P 191 2 -5 191 -573 ssss 4
P 193 2 -73 -193 965 dddd 4
P 197 1 2 1970 -985 ssss 4
P 199 1 -61 995 -199 sddd 4
ODD full=45/45 cheap=149 desc=49 time=5132
TWO [161, -61, -83, -73, 2, -122, -6, 302] cover=8/8 time=259
TOTAL time=5998

=== j0:4  f = x^3 + (0)x^2 + (0)x + (4)
INFO discf=-432 rootsQ2=0
SWEEP twists=91943 time=637
P 3 -29 -1 3 33 ssds 4
P 5 -1 3 5 10 ssss 4
P 7 30 -1 7 217 ssss 4
P 11 3 7 -22 -11 ssss 4
P 13 3 5 39 598 ssss 4
P 17 -1 3 17 -51 ssss 4
P 19 7 -43 19 -95 ssss 4
P 23 -15 7 69 -23 ssss 4
P 29 5 -15 -29 -87 ssss 4
P 31 314 83 62 -1457 dddd 4
P 37 3 -29 111 185 ssss 4
P 41 5 -15 41 -123 ssss 4
P 43 -29 131 731 -43 dddd 4
P 47 3 19 94 705 ssss 4
P 53 10 31 -53 -159 ssss 4
P 59 3 -29 885 118 ssss 4
P 61 62 7 -61 -610 dsdd 4
P 67 19 -1 67 737 ssdd 4
P 71 5 -15 355 -426 ssss 4
P 73 3 5 -73 365 ssdd 4
P 79 10 -1 79 1185 ssdd 4
P 83 10 -29 83 166 ssss 4
P 89 -1 3 89 -623 ssss 4
P 97 31 5 291 485 ssdd 4
P 101 17 -53 101 -303 ssss 4
P 103 7 -1 103 -1751 ssdd 4
P 107 3 17 321 -107 ssss 4
P 109 129 251 -763 5123 dddd 4
P 113 -1 3 113 -339 ssss 4
P 127 314 -295 -19685 -127 dddd 4
P 131 -22 17 131 -393 ssss 4
P 137 -1 3 2329 -685 ssss 4
P 139 -15 -1 139 -695 ssdd 4
P 149 -85 62 745 -298 ssss 4
P 151 10 -43 151 -755 sddd 4
P 157 659 -53 1727 314 dddd 4
P 163 10 -1 163 1793 ssdd 4
P 167 3 -29 -835 2505 ssss 4
P 173 -23 17 5017 -519 ssss 4
P 179 -11 30 537 -537 ssss 4
P 181 -15 7 -181 3982 ssdd 4
P 191 3 7 1146 -4393 ssss 4
P 193 3 5 -193 965 ssdd 4
P 197 -1 3 1182 985 ssss 4
P 199 7 -1 199 2985 ssdd 4
ODD full=45/45 cheap=157 desc=47 time=6736
TWO [-15, 3, 5, -1, -30, -10, 10, 30] cover=8/8 time=25
TOTAL time=7398

=== j0:5  f = x^3 + (0)x^2 + (0)x + (5)
INFO discf=-675 rootsQ2=1
SWEEP twists=91964 time=619
P 3 1 5 21 -3 sssd 4
P 5 1 -2 5 -10 ssss 4
P 7 -34 5 -91 21 sdss 4
P 11 1 -3 11 66 ssss 4
P 13 -22 -34 221 -65 dddd 4
P 17 2 -3 -34 51 ssss 4
P 19 -22 2 1102 38 dsss 4
P 23 2 -2 69 -23 ssss 4
P 29 1 2 -29 87 ssss 4
P 31 2 -71 2418 -155 sdss 4
P 37 -34 5 1739 74 ssss 4
P 41 -2 6 82 -246 ssss 4
P 43 -22 2 645 1462 dsss 4
P 47 6 -2 -705 -141 ssss 4
P 53 6 -2 530 159 ssss 4
P 59 -2 6 177 -59 ssss 4
P 61 5 69 61 122 dsdd 4
P 67 82 -211 -2278 -1474 dddd 4
P 71 2 13 213 -71 ssss 4
P 73 -2 5 73 365 ssdd 4
P 79 2 -2 158 -79 ssdd 4
P 83 11 2 913 -2739 ssss 4
P 89 -10 26 445 1157 ssss 4
P 97 1 -34 97 485 sddd 4
P 101 5 11 -606 2626 ssss 4
P 103 1 5 206 309 ssdd 4
P 107 13 2 321 -107 ssss 4
P 109 -3 2 109 218 ssdd 4
P 113 11 -23 -2938 565 ssss 4
P 127 -59 -34 127 6985 dddd 4
P 131 1 2 18602 -1965 ssss 4
P 137 11 5 -137 3562 ssss 4
P 139 -3 2 -278 -139 ssdd 4
P 149 5 2 4470 5066 ssss 4
P 151 5 -2 302 -151 dsdd 4
P 157 1 2 157 314 ssdd 4
P 163 -23 -22 -2771 815 dddd 4
P 167 11 -3 334 5678 ssss 4
P 173 6 -2 173 865 ssss 4
P 179 66 -22 -1790 -179 ssss 4
P 181 177 -22 -181 -8507 dddd 4
P 191 1 -3 4966 -2483 ssss 4
P 193 1 5 386 965 sddd 4
P 197 6 -2 2955 3349 ssss 4
P 199 -34 202 -27462 -1393 dddd 4
ODD full=45/45 cheap=147 desc=53 time=5440
TWO [-23, 187, -59, -65, 66, 102, -22, -34] cover=8/8 time=185
TOTAL time=6244

=== j0:6  f = x^3 + (0)x^2 + (0)x + (6)
INFO discf=-972 rootsQ2=0
SWEEP twists=91932 time=647
P 3 -2 2 -6 6 sssd 4
P 5 6 -2 5 -15 ssss 4
P 7 214 -58 7 70 dddd 4
P 11 -2 2 33 -11 ssss 4
P 13 14 -2 182 78 ssss 4
P 17 2 5 17 51 ssss 4
P 19 5 70 798 38 ssss 4
P 23 2 -2 69 230 ssss 4
P 29 5 -21 174 -58 ssss 4
P 31 2 -2 -8029 1302 ssss 4
P 37 70 94 37 2035 dddd 4
P 41 5 -11 41 -246 ssss 4
P 43 -2 7 -7009 301 sdss 4
P 47 7 -21 94 -282 ssss 4
P 53 7 5 -53 1113 ssss 4
P 59 -2 6 59 826 ssss 4
P 61 70 7 -305 122 sddd 4
P 67 37 2 -134 134 dsdd 4
P 71 2 7 213 1207 ssss 4
P 73 37 5 146 -365 dsdd 4
P 79 2 -2 158 -158 ssdd 4
P 83 33 2 -1079 -1411 ssss 4
P 89 17 7 -890 2581 ssss 4
P 97 -2 5 194 1358 ssdd 4
P 101 -14 7 -606 -1010 ssss 4
P 103 2 -91 206 -206 sddd 4
P 107 14 5 -642 214 ssss 4
P 109 5 2 545 -218 ssdd 4
P 113 7 -21 -226 -678 ssss 4
P 127 37 5 254 -254 ssdd 4
P 131 -2 6 131 -4323 ssss 4
P 137 14 -21 -137 411 ssss 4
P 139 37 -37 14734 -695 dddd 4
P 149 -6 -2 -5215 -447 ssss 4
P 151 2 7 302 906 sddd 4
P 157 -11 -2 1727 314 ssdd 4
P 163 214 7 1630 -163 dddd 4
P 167 7 15 501 -3507 ssss 4
P 173 -15 5 1038 346 ssss 4
P 179 5 7 -358 3759 ssss 4
P 181 82 -58 181 3982 dddd 4
P 191 5 35 4966 1337 ssss 4
P 193 7 5 1158 -2123 dsdd 4
P 197 7 5 -4531 2758 ssss 4
P 199 2 6 398 -995 ssdd 4
ODD full=45/45 cheap=152 desc=52 time=4332
TWO [-15, -5, 5, 7, 2, 6, -6, -2] cover=8/8 time=22
TOTAL time=5001

=== j0:7  f = x^3 + (0)x^2 + (0)x + (7)
INFO discf=-1323 rootsQ2=1
SWEEP twists=91959 time=631
P 3 -5 -1 3 15 sssd 4
P 5 6 -2 -5 15 ssss 4
P 7 2 -1 7 42 ssss 4
P 11 15 -1 33 -11 ssss 4
P 13 -1 2 455 78 ssss 4
P 17 -1 3 34 -102 ssss 4
P 19 215 -5 -190 190 dddd 4
P 23 2 -1 46 -138 ssss 4
P 29 -1 15 29 58 ssss 4
P 31 2 -1 31 1302 ssss 4
P 37 -1 -5 24679 5957 ssss 4
P 41 -1 3 943 -246 ssss 4
P 43 -2 -1 -86 86 ssss 4
P 47 3 -1 141 -47 ssss 4
P 53 -6 2 -795 265 ssss 4
P 59 5 14 -118 1357 ssss 4
P 61 -5 71 183 122 sddd 4
P 67 -2 2 67 871 ssdd 4
P 71 2 -2 71 -213 ssss 4
P 73 46 214 73 730 dddd 4
P 79 2 -1 79 -158 ssdd 4
P 83 3 -1 249 166 ssss 4
P 89 2 -6 3471 2670 ssss 4
P 97 -1 15 -97 -485 sddd 4
P 101 6 -2 -505 303 ssss 4
P 103 2 -1 103 -206 ssdd 4
P 107 -21 -1 1177 214 ssss 4
P 109 -1 -2 327 654 ssdd 4
P 113 -2 6 791 -3729 ssss 4
P 127 -5 -1 127 -254 ssdd 4
P 131 5 29 -262 262 ssss 4
P 137 2 -21 1918 -5754 ssss 4
P 139 6 2 -417 278 ssdd 4
P 149 -5 2 -149 447 ssss 4
P 151 2 46 151 -302 sddd 4
P 157 58 15 1570 -314 dddd 4
P 163 -2 73 -489 2119 sddd 4
P 167 3 -1 3173 5845 ssss 4
P 173 29 -11 -173 519 ssss 4
P 179 5 -5 16647 1253 ssss 4
P 181 -5 71 1991 21358 dddd 4
P 191 6 -2 573 -2865 ssss 4
P 193 -1 -5 -193 -2509 ssdd 4
P 197 15 5 -197 591 ssss 4
P 199 46 -1 199 1194 dsdd 4
ODD full=45/45 cheap=158 desc=46 time=4736
TWO [73, -5, -219, 15, 34, -138, 58, 46] cover=8/8 time=235
TOTAL time=5602

=== j0:9  f = x^3 + (0)x^2 + (0)x + (9)
INFO discf=-2187 rootsQ2=1
SWEEP twists=91928 time=672
P 3 1 2 -6 -3 dsss 4
P 5 1 -2 -5 10 ssss 4
P 7 1 10 14 -7 dsss 4
P 11 1 2 11 22 ssss 4
P 13 1 -2 13 -26 ssss 4
P 17 -2 10 -17 -51 ssss 4
P 19 1 10 -38 38 ssss 4
P 23 2 -2 23 -23 ssss 4
P 29 1 10 -29 -290 ssss 4
P 31 1 17 -2263 1798 sdss 4
P 37 10 -2 37 -185 dsss 4
P 41 1 -7 82 -246 ssss 4
P 43 1 2 2494 -430 ssss 4
P 47 1 -7 94 -329 ssss 4
P 53 1 2 -53 -106 ssss 4
P 59 1 -7 295 354 ssss 4
P 61 142 82 -61 -610 dddd 4
P 67 10 94 67 3082 dddd 4
P 71 1 -5 142 -426 ssss 4
P 73 -23 10 1387 -730 dddd 4
P 79 1 -2 158 -79 ssdd 4
P 83 -2 2 830 415 ssss 4
P 89 1 14 178 3649 ssss 4
P 97 1 -5 97 -485 ssdd 4
P 101 -5 -2 505 -303 ssss 4
P 103 17 -119 103 1030 dddd 4
P 107 1 2 -2354 214 ssss 4
P 109 1 -2 109 218 ssdd 4
P 113 1 -5 1582 -1130 ssss 4
P 127 17 -2 254 -127 dsdd 4
P 131 -2 10 4978 786 ssss 4
P 137 -17 -29 -274 3562 ssss 4
P 139 1 2 -278 -139 dsdd 4
P 149 -5 10 745 -298 ssss 4
P 151 -61 142 3322 -755 dddd 4
P 157 1 22 157 -314 sddd 4
P 163 10 2 -326 326 dsdd 4
P 167 6 -2 1837 -334 ssss 4
P 173 10 -5 2422 346 ssss 4
P 179 -6 2 537 -179 ssss 4
P 181 55 17 181 -362 dddd 4
P 191 2 -2 573 -191 ssss 4
P 193 55 10 1351 -2123 dddd 4
P 197 -7 13 -1970 394 ssss 4
P 199 1 -2 1393 -199 ssdd 4
ODD full=45/45 cheap=146 desc=52 time=3745
TWO [17, -61, -51, 55, -30, 22, 10, -66] cover=8/8 time=97
TOTAL time=4514

=== j0:10  f = x^3 + (0)x^2 + (0)x + (10)
INFO discf=-2700 rootsQ2=0
SWEEP twists=91955 time=633
P 3 -11 2 -6 15 ssss 4
P 5 1 2 -5 -10 ssss 4
P 7 1 -11 7 385 ssss 4
P 11 -10 2 11 -11 ssss 4
P 13 -17 2 1066 26 dsss 4
P 17 2 -6 -17 51 ssss 4
P 19 85 2 -190 1786 ssss 4
P 23 2 -6 23 115 ssss 4
P 29 22 2 29 58 ssss 4
P 31 1 85 -2449 527 sdss 4
P 37 -11 -89 -37 -518 dddd 4
P 41 -5 7 82 1066 ssss 4
P 43 11 -11 -215 -6278 sdss 4
P 47 1 -3 94 893 ssss 4
P 53 7 22 -2014 106 ssss 4
P 59 7 11 885 767 ssss 4
P 61 -5 -11 61 122 sddd 4
P 67 -206 2 67 134 dsdd 4
P 71 1 7 71 -213 ssss 4
P 73 85 51 -73 730 dddd 4
P 79 -17 -73 1738 -1027 dddd 4
P 83 1 2 2739 -830 ssss 4
P 89 -11 23 -89 267 ssss 4
P 97 1 -10 97 1261 ssdd 4
P 101 1 -3 -3030 1010 ssss 4
P 103 -11 115 -7313 -103 dddd 4
P 107 1 7 -2782 214 ssss 4
P 109 1 2 109 218 ssdd 4
P 113 11 -17 226 -678 ssss 4
P 127 -89 -17 -889 -4318 dddd 4
P 131 33 -11 -262 786 ssss 4
P 137 2 -5 959 7261 ssss 4
P 139 -73 -11 -278 -5699 dddd 4
P 149 -17 2 149 298 ssss 4
P 151 1 -11 151 -1510 sddd 4
P 157 1 2 1727 314 ssdd 4
P 163 -11 2 163 326 dsdd 4
P 167 7 -11 1002 -334 ssss 4
P 173 -6 2 -173 865 ssss 4
P 179 -10 2 -1074 9487 ssss 4
P 181 -11 85 6154 362 dddd 4
P 191 17 14 -7831 2674 ssss 4
P 193 1 11 193 -965 ssdd 4
P 197 -6 2 -1182 -21670 ssss 4
P 199 -11 -5 2587 -1990 dsdd 4
ODD full=45/45 cheap=146 desc=54 time=4537
TWO [1, -5, -3, 7, 2, -10, -6, 14] cover=8/8 time=21
TOTAL time=5191

=== j0:11  f = x^3 + (0)x^2 + (0)x + (11)
INFO discf=-3267 rootsQ2=1
SWEEP twists=91921 time=666
P 3 1 -1 3 -30 ssds 4
P 5 -1 3 -30 10 ssss 4
P 7 1 -1 -133 21 ssss 4
P 11 1 -1 33 110 ssss 4
P 13 -1 19 390 -429 sdss 4
P 17 1 3 34 374 ssss 4
P 19 -698 -74 665 38 dddd 4
P 23 1 -1 138 -138 ssss 4
P 29 -5 3 174 -58 ssss 4
P 31 19 3 -14198 -6262 dsss 4
P 37 3 19 962 -74 dddd 4
P 41 1 3 82 246 ssss 4
P 43 38 -1 -946 946 dddd 4
P 47 1 -1 94 705 ssss 4
P 53 10 19 -53 159 ssss 4
P 59 1 -1 -118 354 ssss 4
P 61 -1 91 854 122 dddd 4
P 67 1 3 670 -67 ssdd 4
P 71 3 -1 426 -142 ssss 4
P 73 -1 -5 73 -365 ssdd 4
P 79 1 -1 395 237 ssdd 4
P 83 3 19 7885 -83 ssss 4
P 89 -1 3 89 -534 ssss 4
P 97 1 -5 97 -485 ssdd 4
P 101 1 3 -1717 -6262 ssss 4
P 103 1 3 -1030 515 ssdd 4
P 107 3 55 -10165 -107 ssss 4
P 109 -1 19 -109 -3270 ssdd 4
P 113 -1 3 -2486 -3277 ssss 4
P 127 38 -1 1651 -127 dsdd 4
P 131 -30 -5 1965 2882 ssss 4
P 137 -1 3 -4110 5617 ssss 4
P 139 38 -1 973 417 dsdd 4
P 149 -5 3 894 -298 ssss 4
P 151 19 -1 755 -1661 dsdd 4
P 157 1 21 157 2355 ssdd 4
P 163 1 3 1630 489 ssdd 4
P 167 19 10 167 -501 ssss 4
P 173 10 3 -6574 14878 ssss 4
P 179 3 -1 7518 1074 ssss 4
P 181 1 10 181 -1810 ssdd 4
P 191 1 -1 -7258 -9741 ssss 4
P 193 170 -233 -386 -5597 dddd 4
P 197 1 3 2955 2758 ssss 4
P 199 -77 3 2786 -995 dddd 4
ODD full=45/45 cheap=150 desc=54 time=6422
TWO [89, 3, -107, -1, 290, -74, 122, 222] cover=8/8 time=261
TOTAL time=7349

=== j0:12  f = x^3 + (0)x^2 + (0)x + (12)
INFO discf=-3888 rootsQ2=0
SWEEP twists=91928 time=634
P 3 1 5 -15 -3 ssds 4
P 5 11 -13 5 10 ssss 4
P 7 -13 5 273 21 sdss 4
P 11 1 -5 11 -33 ssss 4
P 13 17 5 -13 -247 dddd 4
P 17 -13 -5 17 -51 ssss 4
P 19 5 -83 19 1121 dddd 4
P 23 1 5 138 -46 ssss 4
P 29 1 -3 -29 -58 ssss 4
P 31 1 -5 1271 93 ssss 4
P 37 -83 -5 1961 -4181 dsss 4
P 41 -5 11 -82 246 ssss 4
P 43 17 -13 -16039 39603 dsss 4
P 47 -5 5 47 -141 ssss 4
P 53 -13 19 689 -265 ssss 4
P 59 5 -5 59 767 ssss 4
P 61 5 10 61 -427 dsdd 4
P 67 1 5 670 -67 ssdd 4
P 71 5 -15 355 -213 ssss 4
P 73 1 -5 73 -365 ssdd 4
P 79 5 17 -553 5609 dddd 4
P 83 -13 5 83 -83 ssss 4
P 89 1 -3 979 -1691 ssss 4
P 97 -247 17 -97 -23183 dddd 4
P 101 -5 10 606 202 ssss 4
P 103 1 10 -515 -103 ssdd 4
P 107 19 -13 -535 535 ssss 4
P 109 1 10 109 1090 ssdd 4
P 113 1 -3 -113 2147 ssss 4
P 127 17 5 -635 635 ssdd 4
P 131 11 -13 131 -393 ssss 4
P 137 11 -13 137 26715 ssss 4
P 139 1 -13 -2085 417 sddd 4
P 149 1 -3 2831 1937 ssss 4
P 151 -13 -5 755 -151 dsdd 4
P 157 1 -5 157 2355 ssdd 4
P 163 1 17 4238 489 sddd 4
P 167 1 5 -1670 2171 ssss 4
P 173 1 -3 5363 -1903 ssss 4
P 179 5 -5 537 5907 ssss 4
P 181 -13 19 181 -1267 dddd 4
P 191 17 -13 955 -573 ssss 4
P 193 1 -5 193 1930 ssdd 4
P 197 10 5 197 6107 ssss 4
P 199 -83 -13 -3781 2189 dddd 4
ODD full=45/45 cheap=150 desc=54 time=4773
TWO [1, -13, -3, 23, -46, 22, -22, 46] cover=8/8 time=50
TOTAL time=5457

=== j0:13  f = x^3 + (0)x^2 + (0)x + (13)
INFO discf=-4563 rootsQ2=1
SWEEP twists=91945 time=631
P 3 -2 -1 3 6 ssds 4
P 5 6 -2 5 10 ssss 4
P 7 -55 103 371 -7 dddd 4
P 11 -2 -1 -22 -11 ssss 4
P 13 -1 -2 39 -195 ssss 4
P 17 -2 5 17 -51 ssss 4
P 19 -2 3 133 38 ssss 4
P 23 3 -2 69 -46 ssss 4
P 29 6 -2 29 -406 ssss 4
P 31 14 -2 -186 7378 dsss 4
P 37 -7 -2 -259 -518 ssss 4
P 41 5 -7 -41 -123 ssss 4
P 43 -2 -1 12857 -258 ssss 4
P 47 6 -2 47 -141 ssss 4
P 53 -1 -2 53 742 ssss 4
P 59 -2 6 59 -177 ssss 4
P 61 14 -2 183 427 dsdd 4
P 67 -2 -14 -469 871 sddd 4
P 71 5 7 142 781 ssss 4
P 73 -1 14 219 365 sddd 4
P 79 -14 -1 -553 -395 dsdd 4
P 83 -2 -1 -415 498 ssss 4
P 89 -2 6 89 623 ssss 4
P 97 -1 -14 -194 679 sddd 4
P 101 -1 -2 101 707 ssss 4
P 103 14 -7 103 17510 dddd 4
P 107 -7 5 3531 642 ssss 4
P 109 -1 6 327 -218 ssdd 4
P 113 -7 21 1469 678 ssss 4
P 127 21 -2 127 1270 ssdd 4
P 131 7 -11 1965 262 ssss 4
P 137 -2 3 -4110 685 ssss 4
P 139 38 -1 139 -973 dsdd 4
P 149 -35 -11 -149 9685 ssss 4
P 151 -7 3 -1057 4530 dsdd 4
P 157 3 -2 471 1099 sddd 4
P 163 14 182 2282 -163 dddd 4
P 167 3 -1 2338 -4843 ssss 4
P 173 6 -11 173 346 ssss 4
P 179 -2 6 -18795 -179 ssss 4
P 181 3 -2 6878 1267 ssdd 4
P 191 5 47 -13370 -1146 ssss 4
P 193 -2 38 386 2509 dddd 4
P 197 6 -2 13790 -591 ssss 4
P 199 14 -1 199 -995 dsdd 4
ODD full=45/45 cheap=153 desc=51 time=4353
TWO [145, 59, 229, -41, 386, 6, 170, -2] cover=8/8 time=393
TOTAL time=5377

=== j0:14  f = x^3 + (0)x^2 + (0)x + (14)
INFO discf=-5292 rootsQ2=0
SWEEP twists=91984 time=647
P 3 -2 14 39 6 sssd 4
P 5 6 2 -5 15 ssss 4
P 7 22 -2 14 42 ssss 4
P 11 -13 13 11 22 ssss 4
P 13 22 37 13 -442 dddd 4
P 17 -13 -5 357 -119 ssss 4
P 19 -2 13 494 551 sdss 4
P 23 2 14 299 230 ssss 4
P 29 22 11 -377 -435 ssss 4
P 31 2 -2 -682 8990 ssss 4
P 37 -334 13 37 -481 dddd 4
P 41 2 6 41 -123 ssss 4
P 43 6 2 109822 86 ssss 4
P 47 2 5 141 -329 ssss 4
P 53 6 -2 371 5883 ssss 4
P 59 5 -5 -826 -413 ssss 4
P 61 13 -2 305 122 dsdd 4
P 67 -13 13 -871 469 dddd 4
P 71 -13 11 142 -426 ssss 4
P 73 -2 13 146 1022 sddd 4
P 79 -103 139 9085 -79 dddd 4
P 83 11 13 -498 166 ssss 4
P 89 2 6 -5963 2670 ssss 4
P 97 -2 -13 -194 -1358 ssdd 4
P 101 13 11 606 -202 ssss 4
P 103 139 37 5665 -103 dddd 4
P 107 -5 5 4494 21614 ssss 4
P 109 -5 2 -545 -218 ssdd 4
P 113 13 33 226 339 ssss 4
P 127 13 5 254 635 ssdd 4
P 131 5 -5 393 2227 ssss 4
P 137 -2 6 4110 411 ssss 4
P 139 13 370 139 1390 dddd 4
P 149 6 -2 5811 -2235 ssss 4
P 151 -13 6 302 906 dsdd 4
P 157 -13 22 -157 8635 dddd 4
P 163 6 2 -815 326 ssdd 4
P 167 11 13 167 23046 ssss 4
P 173 6 2 -8823 10207 ssss 4
P 179 13 -13 537 5370 ssss 4
P 181 -13 -103 -905 -362 dddd 4
P 191 2 -2 -6303 1337 ssss 4
P 193 145 22 -12545 2509 dddd 4
P 197 26 5 -8274 -591 ssss 4
P 199 2 -2 398 8358 ssdd 4
ODD full=45/45 cheap=141 desc=57 time=5649
TWO [-15, -5, 5, 15, 2, 6, -6, -2] cover=8/8 time=24
TOTAL time=6320

=== j0:15  f = x^3 + (0)x^2 + (0)x + (15)
INFO discf=-6075 rootsQ2=1
SWEEP twists=91951 time=665
P 3 1 -1 3 -3 sssd 4
P 5 -1 -2 -30 -10 ssss 4
P 7 1 -95 322 -77 dddd 4
P 11 1 -3 -77 77 ssss 4
P 13 -1 15 182 78 sdss 4
P 17 -1 -3 357 170 ssss 4
P 19 1 -1 114 285 ssss 4
P 23 1 -2 23 -69 ssss 4
P 29 -1 2 870 -406 ssss 4
P 31 -77 23 217 -62 dddd 4
P 37 1 -82 -777 9879 sdss 4
P 41 -1 -3 -82 287 ssss 4
P 43 -3 -1 602 4515 ssss 4
P 47 1 -1 329 -329 ssss 4
P 53 -1 2 -371 1590 ssss 4
P 59 3 -1 1239 -413 ssss 4
P 61 1 238 -61 122 dsdd 4
P 67 1 -62 2345 469 dddd 4
P 71 1 -1 -497 -426 ssss 4
P 73 -1 7 -73 511 ssdd 4
P 79 23 -62 3634 553 dddd 4
P 83 1 2 1743 415 ssss 4
P 89 1 -3 3471 1691 ssss 4
P 97 -1 -10 -97 485 ssdd 4
P 101 6 -2 2121 303 ssss 4
P 103 2 -1 103 -103 ssdd 4
P 107 14 -14 3210 -321 ssss 4
P 109 -1 -2 109 218 ssdd 4
P 113 1 -3 3390 -1130 ssss 4
P 127 1 -62 127 1270 ssdd 4
P 131 1 2 2751 -4585 ssss 4
P 137 1 -3 959 -4521 ssss 4
P 139 1 23 -417 -695 sddd 4
P 149 1 2 -4917 -64666 ssss 4
P 151 1 15 151 -755 sddd 4
P 157 1 2 -157 -785 dsdd 4
P 163 6 -1 -489 326 ssdd 4
P 167 42 -14 -17535 835 ssss 4
P 173 1 2 -2422 519 ssss 4
P 179 1 2 -6265 358 ssss 4
P 181 -1 -2 543 1086 ssdd 4
P 191 3 -1 5730 -3247 ssss 4
P 193 -1 15 386 -965 sddd 4
P 197 1 2 2955 -985 ssss 4
P 199 1 -62 199 1194 sddd 4
ODD full=45/45 cheap=155 desc=51 time=4332
TWO [1, -69, -3, 23, -62, 246, 170, -82] cover=8/8 time=227
TOTAL time=5224

=== j0:17  f = x^3 + (0)x^2 + (0)x + (17)
INFO discf=-7803 rootsQ2=1
SWEEP twists=91909 time=614
P 3 1 -10 30 -3 ssss 4
P 5 1 2 -30 -10 ssss 4
P 7 1 10 7 -7 ssss 4
P 11 1 2 11 22 ssss 4
P 13 1 -7 130 -754 ssss 4
P 17 1 -3 -17 102 ssss 4
P 19 1 2 95 38 dsss 4
P 23 1 -3 23 -46 ssss 4
P 29 1 -3 -29 58 ssss 4
P 31 1 -7 -465 -31 ssss 4
P 37 1 -29 1702 74 sdss 4
P 41 1 -3 -82 246 ssss 4
P 43 1 2 10277 -13201 ssss 4
P 47 2 11 141 -47 ssss 4
P 53 -10 23 53 -159 ssss 4
P 59 1 -7 -118 118 ssss 4
P 61 1 53 793 122 sddd 4
P 67 17 2 67 134 dsdd 4
P 71 1 -3 142 -5183 ssss 4
P 73 1 -29 -146 365 dddd 4
P 79 -29 -46 -1106 -395 dddd 4
P 83 1 -10 -166 498 ssss 4
P 89 1 7 -178 2937 ssss 4
P 97 1 -7 194 -679 ssdd 4
P 101 1 7 101 -202 ssss 4
P 103 1 -7 103 -103 ssdd 4
P 107 1 2 107 214 ssss 4
P 109 1 -377 -545 218 dddd 4
P 113 1 -3 113 -339 ssss 4
P 127 1 7 127 -127 dsdd 4
P 131 1 2 -3799 9039 ssss 4
P 137 1 -10 274 -822 ssss 4
P 139 1 2 139 -139 ssdd 4
P 149 1 -10 745 -5066 ssss 4
P 151 1 7 151 -151 dsdd 4
P 157 1 -7 1570 -3611 ssdd 4
P 163 1 -46 -326 326 dddd 4
P 167 1 -3 1002 -334 ssss 4
P 173 1 2 173 56571 ssss 4
P 179 -6 2 5191 358 ssss 4
P 181 1 -53 -1991 1810 dddd 4
P 191 1 7 191 -2865 ssss 4
P 193 1 17 193 11001 sddd 4
P 197 -10 2 197 -591 ssss 4
P 199 53 113 6965 -5771 dddd 4
ODD full=45/45 cheap=151 desc=49 time=4925
TWO [1, -29, -3, 87, -46, -10, -118, 30] cover=8/8 time=103
TOTAL time=5642

=== j0:18  f = x^3 + (0)x^2 + (0)x + (18)
INFO discf=-8748 rootsQ2=0
SWEEP twists=91892 time=680
P 3 1 5 3 -30 sdss 4
P 5 -19 13 5 -10 ssss 4
P 7 1 -1 -70 -7 ssss 4
P 11 1 10 -22 66 ssss 4
P 13 17 5 299 26 dddd 4
P 17 -13 5 17 -51 ssss 4
P 19 5 -137 209 38 dddd 4
P 23 1 5 138 -46 ssss 4
P 29 -1 3 377 -58 ssss 4
P 31 1 17 5890 -310 sdss 4
P 37 26 5 -37 10730 ssss 4
P 41 5 -7 82 -246 ssss 4
P 43 1 5 731 215 ssss 4
P 47 -15 5 47 -94 ssss 4
P 53 38 -19 -53 159 ssss 4
P 59 5 -1 -118 118 ssss 4
P 61 5 17 61 610 sddd 4
P 67 1 5 670 -67 sddd 4
P 71 3 -1 710 -142 ssss 4
P 73 38 5 73 -365 dsdd 4
P 79 5 17 158 -1817 dddd 4
P 83 10 5 83 -249 ssss 4
P 89 -1 -7 178 1157 ssss 4
P 97 47 17 194 2813 dddd 4
P 101 -1 3 -1313 -3838 ssss 4
P 103 17 -1 103 -103 dsdd 4
P 107 13 -13 1070 -107 ssss 4
P 109 -1 -10 -109 1090 ssdd 4
P 113 -1 5 -3390 1130 ssss 4
P 127 17 -1 127 -127 dsdd 4
P 131 -19 -13 131 -393 ssss 4
P 137 17 -13 -137 1370 ssss 4
P 139 1 -7 139 -1807 ssdd 4
P 149 1 -10 19370 5662 ssss 4
P 151 5 -10 755 -151 dsdd 4
P 157 17 5 157 -3454 dsdd 4
P 163 1 -1 -489 -1630 ssdd 4
P 167 1 -1 -1670 7682 ssss 4
P 173 -1 3 2422 10034 ssss 4
P 179 5 10 -358 -179 ssss 4
P 181 -1 -7 -181 -1810 ssdd 4
P 191 17 38 191 -382 ssss 4
P 193 83 5 -193 965 dsdd 4
P 197 -10 5 3743 -394 ssss 4
P 199 26 17 -11741 -398 dddd 4
ODD full=45/45 cheap=150 desc=54 time=3742
TWO [1, 3, -3, -1, -46, 22, -22, 46] cover=8/8 time=39
TOTAL time=4461

=== j0:19  f = x^3 + (0)x^2 + (0)x + (19)
INFO discf=-9747 rootsQ2=1
SWEEP twists=91943 time=603
P 3 -2 2 3 6 ssss 4
P 5 -1 -2 -5 -15 ssss 4
P 7 11 -2 14 119 sdss 4
P 11 1 -3 11 -33 ssss 4
P 13 -1 -2 -13 26 ssss 4
P 17 -2 -5 17 51 ssss 4
P 19 1 -1 -190 38 ssss 4
P 23 26 11 46 115 ssss 4
P 29 6 -2 -29 58 ssss 4
P 31 1 -2 3379 -310 ssss 4
P 37 11 -2 -37 -222 ssss 4
P 41 -5 11 41 123 ssss 4
P 43 -2 2 1763 86 dsss 4
P 47 1 -1 658 235 ssss 4
P 53 10 2 318 -106 ssss 4
P 59 -2 6 59 -177 ssss 4
P 61 46 -2 61 122 dsdd 4
P 67 59 -1 -469 134 dsdd 4
P 71 1 -2 426 -142 ssss 4
P 73 -2 -5 73 365 dsdd 4
P 79 2 -1 158 553 ssdd 4
P 83 -2 2 83 -249 ssss 4
P 89 -2 6 890 267 ssss 4
P 97 -2 46 3007 -1358 dddd 4
P 101 5 -2 -505 1111 ssss 4
P 103 46 -1 206 1030 dsdd 4
P 107 -2 6 1070 642 ssss 4
P 109 -35 -2 -109 -1526 dddd 4
P 113 1 -3 -226 -565 ssss 4
P 127 145 -35 -7366 -127 dddd 4
P 131 -2 -1 -262 1834 ssss 4
P 137 -1 3 137 411 ssss 4
P 139 1 -35 973 278 sddd 4
P 149 1 -2 -149 3427 ssss 4
P 151 11 -110 151 8003 dddd 4
P 157 1 -2 -157 314 ssdd 4
P 163 1 2 -815 -1630 ssdd 4
P 167 1 -2 167 -501 ssss 4
P 173 22 -2 3633 1903 ssss 4
P 179 3 11 -6086 358 ssss 4
P 181 -70 83 -6154 1267 dddd 4
P 191 3 -1 955 -382 ssss 4
P 193 -1 11 193 -965 sddd 4
P 197 1 5 -197 591 ssss 4
P 199 1 11 398 -1990 sddd 4
ODD full=45/45 cheap=151 desc=49 time=4461
TWO [105, 11, -35, -33, -110, 6, -70, -2] cover=8/8 time=143
TOTAL time=5207

=== j0:20  f = x^3 + (0)x^2 + (0)x + (20)
INFO discf=-10800 rootsQ2=0
SWEEP twists=91896 time=662
P 3 -5 -7 21 15 ssds 4
P 5 -1 3 -5 15 ssss 4
P 7 295 47 371 -7 dddd 4
P 11 -7 -5 33 -11 ssss 4
P 13 -1 -5 455 195 ssss 4
P 17 19 -7 34 -51 ssss 4
P 19 -122 59 -190 551 dddd 4
P 23 29 7 69 115 ssss 4
P 29 -1 3 29 -435 ssss 4
P 31 -11 -7 31 -2139 sdss 4
P 37 -1 97 111 629 sdss 4
P 41 -21 7 41 -123 ssss 4
P 43 -7 7 1763 7697 dsss 4
P 47 7 -7 47 -141 ssss 4
P 53 47 3 318 -106 ssss 4
P 59 7 69 59 -177 ssss 4
P 61 47 -85 -1159 122 dddd 4
P 67 -7 3 1407 335 ssdd 4
P 71 15 -5 -1491 -2130 ssss 4
P 73 -1 21 -73 511 sddd 4
P 79 21 -5 79 -1501 dsdd 4
P 83 21 -7 -415 -581 ssss 4
P 89 -1 3 1958 -267 ssss 4
P 97 47 -177 97 -2813 dddd 4
P 101 19 7 -505 1515 ssss 4
P 103 7 21 103 -721 sddd 4
P 107 3 -1 -749 749 ssss 4
P 109 3 19 327 1853 ssdd 4
P 113 -11 -5 226 565 ssss 4
P 127 -7 -197 -1270 889 dddd 4
P 131 21 70 1965 -917 ssss 4
P 137 7 -21 -137 411 ssss 4
P 139 47 -1 139 -973 dsdd 4
P 149 -7 21 -4470 -447 ssss 4
P 151 47 -85 4379 -151 dddd 4
P 157 -1 21 471 -785 ssdd 4
P 163 -5 19 -2771 -2282 ssdd 4
P 167 3 -1 1002 5845 ssss 4
P 173 29 3 173 -1211 ssss 4
P 179 3 -5 7697 1074 ssss 4
P 181 3 -7 543 1267 ssdd 4
P 191 -7 21 955 3629 ssss 4
P 193 -7 70 2702 965 dddd 4
P 197 19 -57 -1379 591 ssss 4
P 199 7 -5 995 -1393 ssdd 4
ODD full=45/45 cheap=144 desc=56 time=5306
TWO [-7, 3, -11, -1, 66, 22, -22, 110] cover=8/8 time=58
TOTAL time=6026

=== j1728:-10  f = x^3 + (0)x^2 + (-10)x + (0)
INFO discf=4000 rootsQ2=1
SWEEP twists=88330 time=693
P 3 1 -1 3 -3 dddd 4
P 5 -1 -3 -5 -65 ssss 4
P 7 1 -1 14 -14 ssss 4
P 11 3 -3 -22 22 ssss 4
P 13 3 106 39 78 dddd 4
P 17 -1 -3 -17 -102 ssss 4
P 19 1 -1 -57 57 ssss 4
P 23 3 -3 138 -138 ssss 4
P 29 -1 -3 -3741 -609 ssss 4
P 31 1 -1 62 -62 dddd 4
P 37 3 79 777 74 dddd 4
P 41 114 3 82 246 dddd 4
P 43 -3 3 -86 86 dddd 4
P 47 1 -1 282 -282 ssss 4
P 53 82 39 3286 106 dddd 4
P 59 3 -3 177 -177 ssss 4
P 61 -1 71 -183 -4209 sdss 4
P 67 -3 3 -134 134 dddd 4
P 71 3 -3 71 -71 dddd 4
P 73 3 -5 -15841 -6789 dsss 4
P 79 -3 3 79 -79 dddd 4
P 83 -14 14 -166 166 dddd 4
P 89 21 74 1869 267 dddd 4
P 97 -1 39 -37830 -3783 sdss 4
P 101 -1 -3 -7878 -3939 ssss 4
P 103 1 -1 1442 -1442 ssss 4
P 107 13 -13 107 -107 dddd 4
P 109 -3 39 -97773 -79897 sdss 4
P 113 82 -3 -1695 -21583 dsss 4
P 127 1 -1 -381 381 ssss 4
P 131 1 -1 1703 -1703 ssss 4
P 137 -1 -3 -182621 -15207 ssss 4
P 139 1 -1 5838 -5838 ssss 4
P 149 -1 -3 -92678 -1937 ssss 4
P 151 -13 13 302 -302 dddd 4
P 157 39 74 157 942 dddd 4
P 163 1 -1 -326 326 dddd 4
P 167 1 -1 334 -334 ssss 4
P 173 130 39 -6401 519 dddd 4
P 179 1 -1 2327 -2327 ssss 4
P 181 -1 71 -287971 -355303 sdss 4
P 191 1 -1 382 -382 dddd 4
P 193 -1 -5 -82797 -6369 ssss 4
P 197 107 74 1379 6107 dddd 4
P 199 1 -1 398 -398 dddd 4
ODD full=45/45 cheap=94 desc=86 time=3336
TWO [1, 3, -3, -1, -14, 6, -6, 14] cover=8/8 time=18
TOTAL time=4047

=== j1728:-7  f = x^3 + (0)x^2 + (-7)x + (0)
INFO discf=1372 rootsQ2=1
SWEEP twists=88790 time=749
P 3 1 -1 -6 6 dddd 4
P 5 -6 -57 -5 -10 ssss 4
P 7 1 -1 -70 70 ssss 4
P 11 -6 6 11 -11 ssss 4
P 13 -1 6 -390 -26 sdss 4
P 17 -1 -5 -714 -170 ssss 4
P 19 1 -1 -57 57 dddd 4
P 23 6 -6 46 -46 ssss 4
P 29 226 10 174 58 dddd 4
P 31 -6 6 31 -31 dddd 4
P 37 114 6 111 74 dddd 4
P 41 -1 6 -4674 -2378 sdss 4
P 43 6 -6 -129 129 ssss 4
P 47 6 -6 94 -94 dddd 4
P 53 6 31 318 106 dddd 4
P 59 1 -1 177 -177 dddd 4
P 61 199 -6 -2806 -1830 dsss 4
P 67 6 -6 -201 201 ssss 4
P 71 6 -6 71 -71 ssss 4
P 73 71 -5 -21170 -2190 dsss 4
P 79 31 -31 79 -79 ssss 4
P 83 1 -1 249 -249 dddd 4
P 89 -1 -6 -10146 -6586 ssss 4
P 97 -1 114 -27354 -32689 sdss 4
P 101 -1 -10 -5858 -4646 ssss 4
P 103 -6 6 206 -206 dddd 4
P 107 -6 6 -535 535 ssss 4
P 109 354 6 2289 218 dddd 4
P 113 114 6 113 4294 dddd 4
P 127 31 -31 -381 381 ssss 4
P 131 5 -5 393 -393 dddd 4
P 137 30 6 4110 411 dddd 4
P 139 1 -1 -417 417 dddd 4
P 149 6 199 894 298 dddd 4
P 151 31 -31 -906 906 ssss 4
P 157 -1 -5 -9106 -314 ssss 4
P 163 6 -6 44662 -44662 ssss 4
P 167 6 -6 334 -334 dddd 4
P 173 -1 -5 -97226 -346 ssss 4
P 179 -6 6 895 -895 ssss 4
P 181 79 -6 -17014 -570874 dsss 4
P 191 6 -6 1910 -1910 ssss 4
P 193 370 111 193 9071 dddd 4
P 197 6 31 1182 394 dddd 4
P 199 -6 6 199 -199 dddd 4
ODD full=45/45 cheap=94 desc=86 time=6638
TWO [1, 11, -11, -1, -30, 6, -6, 30] cover=8/8 time=28
TOTAL time=7415

=== j1728:-6  f = x^3 + (0)x^2 + (-6)x + (0)
INFO discf=864 rootsQ2=1
SWEEP twists=88668 time=683
P 3 1 -1 3 -3 ssss 4
P 5 11 3 5 10 dddd 4
P 7 1 -1 14 -14 ssss 4
P 11 5 -5 11 -11 ssss 4
P 13 10 -11 -39 -65 dsss 4
P 17 -1 -3 -17 -85 ssss 4
P 19 1 -1 -38 38 dddd 4
P 23 3 -3 46 -46 dddd 4
P 29 1 10 29 87 dddd 4
P 31 1 -1 310 -310 ssss 4
P 37 -3 -5 -1221 -1591 ssss 4
P 41 10 -3 -41 -1927 dsss 4
P 43 1 -1 -86 86 dddd 4
P 47 1 -1 94 -94 dddd 4
P 53 1 139 53 159 dddd 4
P 59 -10 10 -354 354 ssss 4
P 61 -1 10 -14579 -1769 sdss 4
P 67 -5 5 -134 134 dddd 4
P 71 1 -1 142 -142 dddd 4
P 73 65 10 2555 365 dddd 4
P 79 1 -1 -2370 2370 ssss 4
P 83 29 -29 -415 415 ssss 4
P 89 -1 -3 -445 -3293 ssss 4
P 97 95 5 194 485 dddd 4
P 101 107 10 101 303 dddd 4
P 103 -3 3 -1030 1030 ssss 4
P 107 29 -29 1070 -1070 ssss 4
P 109 -1 10 -73030 -2071 sdss 4
P 113 -1 10 -48590 -2599 sdss 4
P 127 1 -1 2794 -2794 ssss 4
P 131 -10 10 131 -131 ssss 4
P 137 -1 -3 -17810 -138370 ssss 4
P 139 -10 10 139 -139 dddd 4
P 149 107 3 149 447 dddd 4
P 151 1 -1 1510 -1510 ssss 4
P 157 -1 -5 -27161 -203943 ssss 4
P 163 1 -1 -326 326 dddd 4
P 167 -5 5 334 -334 dddd 4
P 173 95 3 173 346 dddd 4
P 179 5 -5 2506 -2506 ssss 4
P 181 -1 95 -33485 -115478 sdss 4
P 191 5 -5 382 -382 dddd 4
P 193 95 10 10615 965 dddd 4
P 197 105 95 197 591 dddd 4
P 199 1 -1 253327 -253327 ssss 4
ODD full=45/45 cheap=94 desc=86 time=2980
TWO [1, 3, -3, -1, -14, -10, 10, 14] cover=8/8 time=19
TOTAL time=3682

=== j1728:-5  f = x^3 + (0)x^2 + (-5)x + (0)
INFO discf=500 rootsQ2=1
SWEEP twists=89266 time=732
P 3 1 -1 3 -3 ssss 4
P 5 -1 -2 -55 -10 ssss 4
P 7 1 -1 -21 21 ssss 4
P 11 -2 2 11 -11 dddd 4
P 13 38 -2 -286 -26 dsss 4
P 17 -1 -3 -17 -374 ssss 4
P 19 1 -1 19 -19 dddd 4
P 23 2 -2 69 -69 ssss 4
P 29 33 77 638 87 dddd 4
P 31 1 -1 155 -155 dddd 4
P 37 -1 -2 -407 -2109 ssss 4
P 41 33 101 1353 246 dddd 4
P 43 1 -1 43 -43 ssss 4
P 47 1 -1 329 -329 ssss 4
P 53 -1 -2 -583 -1007 ssss 4
P 59 1 -1 59 -59 dddd 4
P 61 66 55 4026 122 dddd 4
P 67 1 -1 1005 -1005 ssss 4
P 71 1 -1 213 -213 dddd 4
P 73 69 -10 -2993 -803 dsss 4
P 79 -17 17 79 -79 dddd 4
P 83 1 -1 1743 -1743 ssss 4
P 89 57 38 5073 534 dddd 4
P 97 247 -10 -86815 -5529 dsss 4
P 101 87 55 101 5555 dddd 4
P 103 1 -1 -515 515 ssss 4
P 107 1 -1 321 -321 ssss 4
P 109 38 11 327 1199 dddd 4
P 113 69 -3 -50285 -21583 dsss 4
P 127 1 -1 2667 -2667 ssss 4
P 131 -2 2 131 -131 dddd 4
P 137 -1 -3 -121930 -61787 ssss 4
P 139 1 -1 139 -139 dddd 4
P 149 118 11 149 1639 dddd 4
P 151 1 -1 755 -755 dddd 4
P 157 -1 -2 -160611 -5966 ssss 4
P 163 1 -1 5379 -5379 ssss 4
P 167 -10 10 1837 -1837 ssss 4
P 173 -21 -2 -92382 -10553 ssss 4
P 179 -21 21 179 -179 dddd 4
P 181 246 19 181 5611 dddd 4
P 191 2 -2 955 -955 dddd 4
P 193 -1 -17 -1792005 -4246 ssss 4
P 197 -1 -2 -5195481 -41173 ssss 4
P 199 -3 3 398 -398 dddd 4
ODD full=45/45 cheap=96 desc=84 time=3580
TWO [1, 3, -3, -1, 2, -10, 10, -2] cover=8/8 time=17
TOTAL time=4329

=== j1728:-3  f = x^3 + (0)x^2 + (-3)x + (0)
INFO discf=108 rootsQ2=1
SWEEP twists=89384 time=743
P 3 -2 2 30 -30 ssss 4
P 5 -11 -13 -30 -110 ssss 4
P 7 2 -2 7 -7 ssss 4
P 11 -2 2 11 -11 dddd 4
P 13 185 2 13 78 dddd 4
P 17 -2 -7 -34 -782 ssss 4
P 19 11 -11 -38 38 ssss 4
P 23 2 -2 23 -23 dddd 4
P 29 -7 -2 -1102 -1073 ssss 4
P 31 2 -2 -93 93 ssss 4
P 37 110 13 370 185 dddd 4
P 41 -2 13 -82 -902 sdss 4
P 43 11 -11 258 -258 ssss 4
P 47 -11 11 47 -47 dddd 4
P 53 -7 -2 -3498 -1378 ssss 4
P 59 -13 13 59 -59 dddd 4
P 61 34 193 1342 122 dddd 4
P 67 -13 13 67 -67 ssss 4
P 71 2 -2 71 -71 dddd 4
P 73 55 13 4015 730 dddd 4
P 79 2 -2 395 -395 ssss 4
P 83 -2 2 83 -83 dddd 4
P 89 -2 -7 -178 -63902 ssss 4
P 97 115 13 12610 485 dddd 4
P 101 -13 -2 -164933 -44238 ssss 4
P 103 2 -2 -515 515 ssss 4
P 107 13 -13 107 -107 dddd 4
P 109 110 2 327 654 dddd 4
P 113 -2 110 -1243 -5198 sdss 4
P 127 2 -2 3302 -3302 ssss 4
P 131 -19 19 -262 -131 dddd 4
P 137 -2 -13 -51238 -3562 ssss 4
P 139 11 -11 973 -973 ssss 4
P 149 -22 -2 -158983 -2191343 ssss 4
P 151 2 -2 -1057 1057 ssss 4
P 157 122 253 1570 314 dddd 4
P 163 -13 13 523230 -523230 ssss 4
P 167 22 -22 167 -167 dddd 4
P 173 -13 -2 -95842 -28718 ssss 4
P 179 -7 7 179 -179 dddd 4
P 181 190 2 905 1086 dddd 4
P 191 13 -13 191 -191 dddd 4
P 193 185 13 193 2123 dddd 4
P 197 -7 -2 -28762 -270678 ssss 4
P 199 2 -2 1393 -1393 ssss 4
ODD full=45/45 cheap=98 desc=82 time=4341
TWO [-7, 11, -11, 7, 2, 22, -22, -2] cover=8/8 time=21
TOTAL time=5105

=== j1728:-2  f = x^3 + (0)x^2 + (-2)x + (0)
INFO discf=32 rootsQ2=1
SWEEP twists=89788 time=713
P 3 1 -1 -6 6 ssss 4
P 5 -31 -13 -5 -35 ssss 4
P 7 1 -1 14 -14 dddd 4
P 11 1 -1 -66 66 ssss 4
P 13 35 -5 -13 -91 dsss 4
P 17 21 146 357 51 dddd 4
P 19 1 -1 114 -114 ssss 4
P 23 1 -1 46 -46 dddd 4
P 29 -1 -14 -29 -406 ssss 4
P 31 -6 6 31 -31 dddd 4
P 37 -1 -6 -1739 -185 ssss 4
P 41 21 35 861 451 dddd 4
P 43 1 -1 -129 129 ssss 4
P 47 21 -21 94 -94 dddd 4
P 53 -1 -5 -901 -5459 ssss 4
P 59 -13 13 -649 649 ssss 4
P 61 66 -6 -61 -1281 dsss 4
P 67 1 -1 938 -938 ssss 4
P 71 1 -1 142 -142 dddd 4
P 73 154 14 146 511 dddd 4
P 79 21 -21 79 -79 dddd 4
P 83 1 -1 -166 166 ssss 4
P 89 411 14 890 623 dddd 4
P 97 35 51 6790 679 dddd 4
P 101 -1 -29 -301485 -6969 ssss 4
P 103 1 -1 206 -206 dddd 4
P 107 -5 5 2461 -2461 ssss 4
P 109 -1 79 -3379 -4469 sdss 4
P 113 51 46 113 5198 dddd 4
P 127 -5 5 254 -254 dddd 4
P 131 5 -5 2751 -2751 ssss 4
P 137 69 31 9453 411 dddd 4
P 139 1 -1 -278 278 ssss 4
P 149 -1 -14 -669010 -6109 ssss 4
P 151 1 -1 302 -302 dddd 4
P 157 -1 -5 -7379 -78971 ssss 4
P 163 1 -1 -326 326 ssss 4
P 167 1 -1 334 -334 dddd 4
P 173 -1 -5 -19549 -17819 ssss 4
P 179 1 -1 15215 -15215 ssss 4
P 181 -1 31 -725991 -5060579 sdss 4
P 191 -21 21 191 -191 dddd 4
P 193 170 51 16405 2895 dddd 4
P 197 -6 -5 -779135 -13987 ssss 4
P 199 1 -1 -597 597 dddd 4
ODD full=45/45 cheap=96 desc=84 time=4346
TWO [1, -5, 5, -1, -14, 6, -6, 14] cover=8/8 time=17
TOTAL time=5076

=== j1728:-1  f = x^3 + (0)x^2 + (-1)x + (0)
INFO discf=4 rootsQ2=3
SWEEP twists=86948 time=824
P 3 -5 5 -6 6 dddd 4
P 5 6 7 5 15 dddd 4
P 7 -6 6 7 -7 dddd 4
P 11 5 -5 -22 22 dddd 4
P 13 14 5 13 65 dddd 4
P 17 138 5 34 85 dddd 4
P 19 5 -5 -38 38 dddd 4
P 23 -5 5 23 -23 dddd 4
P 29 6 14 29 87 dddd 4
P 31 -6 6 31 -31 dddd 4
P 37 30 154 37 222 dddd 4
P 41 154 6 41 246 dddd 4
P 43 -5 5 -86 86 dddd 4
P 47 -5 5 47 -47 dddd 4
P 53 6 5 53 159 dddd 4
P 59 5 -5 -118 118 dddd 4
P 61 34 6 61 366 dddd 4
P 67 -5 5 -134 134 dddd 4
P 71 -21 21 71 -71 dddd 4
P 73 154 5 219 365 dddd 4
P 79 -6 6 79 -79 dddd 4
P 83 7 -7 -166 166 dddd 4
P 89 138 6 445 534 dddd 4
P 97 210 5 194 485 dddd 4
P 101 6 34 101 303 dddd 4
P 103 -5 5 103 -103 dddd 4
P 107 -5 5 -214 214 dddd 4
P 109 22 6 109 654 dddd 4
P 113 138 5 226 565 dddd 4
P 127 -5 5 254 -254 dddd 4
P 131 5 -5 -262 262 dddd 4
P 137 138 5 137 685 dddd 4
P 139 5 -5 -278 278 dddd 4
P 149 6 13 149 447 dddd 4
P 151 -6 6 151 -151 dddd 4
P 157 14 41 471 942 dddd 4
P 163 -5 5 -326 326 dddd 4
P 167 -5 5 167 -167 dddd 4
P 173 14 5 1038 519 dddd 4
P 179 5 -5 -358 358 dddd 4
P 181 34 6 181 1086 dddd 4
P 191 -21 21 191 -191 dddd 4
P 193 323 34 386 965 dddd 4
P 197 6 145 197 591 dddd 4
P 199 -6 6 199 -199 dddd 4
ODD full=45/45 cheap=0 desc=180 time=6431
TWO [-15, -5, 5, 15, -30, 6, -6, 30] cover=8/8 time=26
TOTAL time=7281

=== j1728:1  f = x^3 + (0)x^2 + (1)x + (0)
INFO discf=-4 rootsQ2=1
SWEEP twists=90252 time=762
P 3 10 -10 3 -3 ssss 4
P 5 14 17 30 10 dddd 4
P 7 -17 17 7 -7 ssss 4
P 11 14 -14 55 -55 ssss 4
P 13 10 97 130 26 dddd 4
P 17 205 10 17 170 dddd 4
P 19 -14 14 -190 190 ssss 4
P 23 -10 10 69 -69 ssss 4
P 29 30 17 174 58 dddd 4
P 31 -17 17 62 -62 ssss 4
P 37 221 17 1258 74 dddd 4
P 41 221 17 82 1066 dddd 4
P 43 10 -10 -1462 1462 ssss 4
P 47 -10 10 -2162 2162 ssss 4
P 53 10 193 318 106 dddd 4
P 59 26 -26 6490 -6490 ssss 4
P 61 14 17 1342 122 dddd 4
P 67 10 -10 1139 -1139 ssss 4
P 71 -17 17 142 -142 ssss 4
P 73 221 10 438 730 dddd 4
P 79 -17 17 -2370 2370 ssss 4
P 83 -14 14 2158 -2158 ssss 4
P 89 598 26 445 2314 dddd 4
P 97 130 10 97 970 dddd 4
P 101 82 113 606 202 dddd 4
P 103 -10 10 1442 -1442 ssss 4
P 107 10 -10 -21935 21935 ssss 4
P 109 26 17 2398 218 dddd 4
P 113 438 10 113 1130 dddd 4
P 127 -10 10 36322 -36322 ssss 4
P 131 -17 17 -10218 10218 ssss 4
P 137 130 10 274 1370 dddd 4
P 139 -17 17 -40310 40310 ssss 4
P 149 26 97 894 298 dddd 4
P 151 -26 26 9362 -9362 ssss 4
P 157 82 97 5495 314 dddd 4
P 163 10 -10 -27710 27710 ssss 4
P 167 -10 10 48597 -48597 ssss 4
P 173 10 17 1038 346 dddd 4
P 179 -62 62 -207282 207282 ssss 4
P 181 14 17 6878 362 dddd 4
P 191 -58 58 5730 -5730 ssss 4
P 193 130 17 193 1930 dddd 4
P 197 221 17 1182 394 dddd 4
P 199 -17 17 1990 -1990 ssss 4
ODD full=45/45 cheap=96 desc=84 time=9826
TWO [-15, 3, -3, 15, 0, -10, 10, 0] cover=6/8 time=267
TOTAL time=10855

=== j1728:2  f = x^3 + (0)x^2 + (2)x + (0)
INFO discf=-32 rootsQ2=1
SWEEP twists=89678 time=697
P 3 -2 2 3 -3 dddd 4
P 5 -11 -33 -70 -10 ssss 4
P 7 -3 3 7 -7 ssss 4
P 11 -2 2 33 -33 dddd 4
P 13 -3 33 -182 -143 sdss 4
P 17 15 57 255 51 dddd 4
P 19 -2 2 19 -19 dddd 4
P 23 -11 11 138 -138 ssss 4
P 29 -7 -2 -957 -1595 ssss 4
P 31 -3 3 62 -62 ssss 4
P 37 -3 -2 -1258 -1443 ssss 4
P 41 33 85 1353 123 dddd 4
P 43 -2 2 43 -43 dddd 4
P 47 -11 11 141 -141 ssss 4
P 53 -10 -2 -583 -2173 ssss 4
P 59 7 -7 59 -59 dddd 4
P 61 -3 33 -3477 -2013 sdss 4
P 67 -2 2 67 -67 dddd 4
P 71 -33 33 213 -213 ssss 4
P 73 77 11 73 803 dddd 4
P 79 -15 15 158 -158 ssss 4
P 83 -2 2 83 -83 dddd 4
P 89 285 3 178 267 dddd 4
P 97 85 57 8245 -970 dddd 4
P 101 -19 -2 -3333 -77467 ssss 4
P 103 -3 3 6077 -6077 ssss 4
P 107 10 -10 107 -107 dddd 4
P 109 73 -2 -327 -1853 dsss 4
P 113 57 3 113 339 dddd 4
P 127 -3 3 127 -127 ssss 4
P 131 3 -3 131 -131 dddd 4
P 137 15 113 2055 411 dddd 4
P 139 -2 2 139 -139 dddd 4
P 149 -7 -2 -18327 -172542 ssss 4
P 151 -3 3 -4983 4983 ssss 4
P 157 -10 -2 -471 -430023 ssss 4
P 163 -2 2 163 -163 dddd 4
P 167 -51 51 -4342 4342 ssss 4
P 173 -10 -2 -127847 -24393 ssss 4
P 179 -2 2 895 -895 dddd 4
P 181 33 -2 -41087 -669157 dsss 4
P 191 -11 11 12797 -12797 ssss 4
P 193 85 33 10615 1930 dddd 4
P 197 -7 -3 -65010 -63237 ssss 4
P 199 -3 3 995 -995 ssss 4
ODD full=45/45 cheap=96 desc=84 time=3911
TWO [-15, 3, -3, 15, 2, -10, 10, -2] cover=8/8 time=20
TOTAL time=4628

=== j1728:3  f = x^3 + (0)x^2 + (3)x + (0)
INFO discf=-108 rootsQ2=1
SWEEP twists=89406 time=741
P 3 1 -1 -15 15 ssss 4
P 5 -26 -42 -55 -15 ssss 4
P 7 1 -1 14 -14 dddd 4
P 11 14 -14 11 -11 ssss 4
P 13 14 370 182 26 dddd 4
P 17 -1 -11 -646 -391 ssss 4
P 19 11 -11 19 -19 dddd 4
P 23 -19 19 69 -69 ssss 4
P 29 -1 -11 -1798 -406 ssss 4
P 31 1 -1 62 -62 dddd 4
P 37 26 129 259 1147 dddd 4
P 41 -1 26 -3731 -574 sdss 4
P 43 11 -11 43 -43 dddd 4
P 47 -26 26 94 -94 ssss 4
P 53 -1 -14 -2279 -3869 ssss 4
P 59 26 -26 -590 590 ssss 4
P 61 259 21 61 427 dddd 4
P 67 14 -14 67 -67 dddd 4
P 71 -21 21 355 -355 ssss 4
P 73 35 26 2555 365 dddd 4
P 79 1 -1 158 -158 dddd 4
P 83 -19 19 -1079 1079 ssss 4
P 89 -1 -14 -1869 -19669 ssss 4
P 97 35 26 3395 485 dddd 4
P 101 -1 -11 -43834 -36966 ssss 4
P 103 1 -1 206 -206 dddd 4
P 107 -21 21 321 -321 ssss 4
P 109 26 95 12426 654 dddd 4
P 113 -1 55 -10735 -3955 sdss 4
P 127 1 -1 254 -254 dddd 4
P 131 38 -38 -15589 15589 ssss 4
P 137 -1 -21 -12741 -1781 ssss 4
P 139 11 -11 139 -139 dddd 4
P 149 -1 -11 -1043 -108919 ssss 4
P 151 1 -1 302 -302 dddd 4
P 157 365 61 157 1099 dddd 4
P 163 14 -14 163 -163 dddd 4
P 167 -43 43 60454 -60454 ssss 4
P 173 -1 -11 -23009 -127501 ssss 4
P 179 14 -14 3401 -3401 ssss 4
P 181 14 95 2534 1267 dddd 4
P 191 -19 19 191 -191 ssss 4
P 193 195 26 193 3667 dddd 4
P 197 -1 -11 -213745 -156221 ssss 4
P 199 1 -1 -597 597 dddd 4
ODD full=45/45 cheap=94 desc=86 time=5989
TWO [1, -21, 21, -1, -14, -26, 26, 14] cover=8/8 time=32
TOTAL time=6762

=== j1728:5  f = x^3 + (0)x^2 + (5)x + (0)
INFO discf=-500 rootsQ2=1
SWEEP twists=89068 time=717
P 3 -2 2 -6 6 dddd 4
P 5 -1 -2 -70 -110 ssss 4
P 7 1 -1 -21 21 dddd 4
P 11 -29 29 -22 22 ssss 4
P 13 -1 19 -390 -273 sdss 4
P 17 -1 -6 -357 -102 ssss 4
P 19 -21 21 19 -19 ssss 4
P 23 1 -1 69 -69 dddd 4
P 29 123 21 29 406 dddd 4
P 31 -6 6 -93 93 ssss 4
P 37 -1 -2 -4218 -518 ssss 4
P 41 42 138 1722 123 dddd 4
P 43 1 -1 -86 86 dddd 4
P 47 1 -1 141 -141 dddd 4
P 53 -1 -2 -1537 -5777 ssss 4
P 59 -42 42 59 -59 ssss 4
P 61 203 6 183 1281 dddd 4
P 67 1 -1 -134 134 dddd 4
P 71 -42 42 426 -426 ssss 4
P 73 123 -21 -4453 -6351 dsss 4
P 79 -29 29 158 -158 ssss 4
P 83 1 -1 -166 166 dddd 4
P 89 42 202 12282 267 dddd 4
P 97 494 -19 -21146 -101462 dsss 4
P 101 123 174 12423 202 dddd 4
P 103 1 -1 -309 309 dddd 4
P 107 1 -1 -214 214 dddd 4
P 109 102 42 8502 654 dddd 4
P 113 138 -6 -31866 -6554 dsss 4
P 127 1 -1 -381 381 dddd 4
P 131 -6 6 6026 -6026 ssss 4
P 137 -1 -6 -39730 -285782 ssss 4
P 139 -21 21 834 -834 ssss 4
P 149 42 654 6258 298 dddd 4
P 151 42 -42 3322 -3322 ssss 4
P 157 -1 -2 -57462 -84937 ssss 4
P 163 1 -1 -326 326 dddd 4
P 167 -5 5 501 -501 dddd 4
P 173 -1 -19 -83559 -119370 ssss 4
P 179 42 -42 537 -537 ssss 4
P 181 42 123 7602 362 dddd 4
P 191 -29 29 -1337 1337 ssss 4
P 193 -1 -29 -85885 -826233 ssss 4
P 197 -1 -2 -8274 -27777 ssss 4
P 199 -6 6 93530 -93530 ssss 4
ODD full=45/45 cheap=96 desc=84 time=10050
TWO [1, -5, 5, -1, 2, 6, -6, -2] cover=8/8 time=17
TOTAL time=10784

=== j1728:6  f = x^3 + (0)x^2 + (6)x + (0)
INFO discf=-864 rootsQ2=1
SWEEP twists=88584 time=694
P 3 -2 2 -6 6 ssss 4
P 5 11 22 5 35 dddd 4
P 7 2 -2 7 -7 dddd 4
P 11 5 -5 11 -11 dddd 4
P 13 -22 5 -455 -91 sdss 4
P 17 -2 -5 -255 -187 ssss 4
P 19 5 -5 -57 57 ssss 4
P 23 -5 5 23 -23 ssss 4
P 29 5 31 1015 87 dddd 4
P 31 2 -2 31 -31 dddd 4
P 37 -7 -5 -2590 -1295 ssss 4
P 41 5 -6 -2706 -7913 dsss 4
P 43 -7 7 430 -430 ssss 4
P 47 -5 5 -235 235 ssss 4
P 53 642 22 583 265 dddd 4
P 59 5 -5 59 -59 dddd 4
P 61 5 -2 -4697 -8113 dsss 4
P 67 -7 7 -335 335 ssss 4
P 71 -7 7 355 -355 ssss 4
P 73 55 5 2555 511 dddd 4
P 79 2 -2 -237 237 dddd 4
P 83 -5 5 83 -83 dddd 4
P 89 -2 -6 -39783 -17177 ssss 4
P 97 133 5 97 679 dddd 4
P 101 5 133 1414 303 dddd 4
P 103 -5 5 103 -103 dddd 4
P 107 -5 5 107 -107 dddd 4
P 109 5 -2 -16895 -8393 dsss 4
P 113 -2 5 -20905 -57743 sdss 4
P 127 2 -2 127 -127 dddd 4
P 131 5 -5 131 -131 dddd 4
P 137 -2 -5 -14385 -52745 ssss 4
P 139 5 -5 973 -973 ssss 4
P 149 5 87 1043 8195 dddd 4
P 151 2 -2 151 -151 dddd 4
P 157 -10 -2 -1727 -79285 ssss 4
P 163 -7 7 4238 -4238 ssss 4
P 167 -5 5 33901 -33901 ssss 4
P 173 21 87 173 1211 dddd 4
P 179 5 -5 179 -179 dddd 4
P 181 87 -2 -100817 -6335 dsss 4
P 191 -7 7 955 -955 ssss 4
P 193 255 5 18335 2123 dddd 4
P 197 173 214 5713 985 dddd 4
P 199 2 -2 199 -199 dddd 4
ODD full=45/45 cheap=82 desc=98 time=6868
TWO [-7, -5, 5, 7, 2, 6, -6, -2] cover=8/8 time=18
TOTAL time=7580

=== j1728:7  f = x^3 + (0)x^2 + (7)x + (0)
INFO discf=-1372 rootsQ2=3
SWEEP twists=89010 time=760
P 3 -2 2 3 -3 ssss 4
P 5 -14 -3 -5 -10 ssss 4
P 7 2 -2 14 -14 ssss 4
P 11 -2 2 -22 22 dddd 4
P 13 3 -2 -130 -143 dsss 4
P 17 -2 -3 -357 -170 ssss 4
P 19 -2 2 -57 57 ssss 4
P 23 3 -3 23 -23 dddd 4
P 29 22 113 638 58 dddd 4
P 31 -22 22 62 -62 ssss 4
P 37 62 113 370 185 dddd 4
P 41 -2 3 -4715 -4510 sdss 4
P 43 -2 2 -129 129 dddd 4
P 47 -22 22 -235 235 ssss 4
P 53 62 2 530 106 dddd 4
P 59 -2 2 177 -177 ssss 4
P 61 -3 129 -6710 -4087 sdss 4
P 67 -3 3 -335 335 dddd 4
P 71 3 -3 71 -71 dddd 4
P 73 57 -5 -5183 -35697 dsss 4
P 79 10 -10 79 -79 dddd 4
P 83 -2 2 -498 498 ssss 4
P 89 -2 -3 -1958 -2047 ssss 4
P 97 -2 57 -8342 -10767 sdss 4
P 101 -5 -2 -69690 -6262 ssss 4
P 103 -22 22 -309 309 ssss 4
P 107 3 -3 -535 535 dddd 4
P 109 22 185 2834 218 dddd 4
P 113 129 23 113 6554 dddd 4
P 127 2 -2 127 -127 dddd 4
P 131 -10 10 -2882 2882 ssss 4
P 137 129 113 11919 685 dddd 4
P 139 -2 2 -12093 12093 ssss 4
P 149 22 2 745 298 dddd 4
P 151 2 -2 -453 453 dddd 4
P 157 -3 -2 -73790 -61858 ssss 4
P 163 -2 2 -815 815 dddd 4
P 167 -74 74 3507 -3507 ssss 4
P 173 -10 -2 -68335 -23182 ssss 4
P 179 3 -3 895 -895 dddd 4
P 181 -3 113 -170683 -362 sdss 4
P 191 3 -3 191 -191 dddd 4
P 193 185 22 193 12738 dddd 4
P 197 62 113 1970 394 dddd 4
P 199 -22 22 -230442 230442 ssss 4
ODD full=45/45 cheap=90 desc=90 time=7114
TWO [129, 3, -3, -129, 0, 22, -22, 0] cover=6/8 time=647
TOTAL time=8521

=== j1728:10  f = x^3 + (0)x^2 + (10)x + (0)
INFO discf=-4000 rootsQ2=1
SWEEP twists=88336 time=713
P 3 7 -7 3 -3 ssss 4
P 5 -6 -2 -345 -15 ssss 4
P 7 2 -2 7 -7 dddd 4
P 11 3 -3 11 -11 dddd 4
P 13 53 11 299 26 dddd 4
P 17 -2 -3 -442 -119 ssss 4
P 19 -2 2 19 -19 dddd 4
P 23 6 -6 69 -69 dddd 4
P 29 -6 -2 -1653 -754 ssss 4
P 31 -11 11 -93 93 ssss 4
P 37 329 57 37 703 dddd 4
P 41 57 7 41 287 dddd 4
P 43 23 -23 258 -258 ssss 4
P 47 2 -2 47 -47 dddd 4
P 53 7 41 53 1007 dddd 4
P 59 3 -3 59 -59 dddd 4
P 61 41 -2 -9821 -3355 dsss 4
P 67 -11 11 -201 201 ssss 4
P 71 -7 7 71 -71 ssss 4
P 73 6 -7 -1387 -11753 dsss 4
P 79 -7 7 1659 -1659 ssss 4
P 83 7 -7 249 -249 ssss 4
P 89 57 37 6942 623 dddd 4
P 97 -2 41 -8827 -77794 sdss 4
P 101 -6 -2 -42218 -9191 ssss 4
P 103 2 -2 103 -103 dddd 4
P 107 23 -23 1177 -1177 ssss 4
P 109 78 -6 -15587 -8393 dsss 4
P 113 41 -3 -120458 -69947 dsss 4
P 127 2 -2 127 -127 dddd 4
P 131 -2 2 131 -131 dddd 4
P 137 -2 -3 -109189 -47265 ssss 4
P 139 -2 2 139 -139 dddd 4
P 149 -6 -2 -49021 -117561 ssss 4
P 151 -7 7 -906 906 ssss 4
P 157 37 41 6123 785 dddd 4
P 163 -11 11 -6846 6846 ssss 4
P 167 2 -2 167 -167 dddd 4
P 173 23 65 1038 1903 dddd 4
P 179 -2 2 179 -179 dddd 4
P 181 65 -2 -129415 -37829 dsss 4
P 191 -7 7 19482 -19482 ssss 4
P 193 -2 -11 -212879 -55391 ssss 4
P 197 37 69 1379 394 dddd 4
P 199 -37 37 6567 -6567 ssss 4
ODD full=45/45 cheap=94 desc=86 time=4374
TWO [-7, 11, -11, 7, 2, 6, -6, -2] cover=8/8 time=22
TOTAL time=5109

### cm run finished
gp -q -s 4000000000  < /dev/null  332.85s user 1.15s system 99% cpu 5:34.36 total
